STATION CODE 174   Lindenberg   LOCF=0.8   HICF=1.35  (06/92 - 12/95)
PRESSURE  JAN   FEB   MAR   APR   MAY   JUN   JUL   AUG   SEP   OCT   NOV   DEC  
 
               OZONE MONTHLY MEAN OVER ALL SOUNDINGS IN MICRO-MB
1000      15.6  17.4  23.4  42.8  44.9  36.7  43.3  45.9  27.5  15.5  14.0  13.0
 900      26.1  30.4  32.1  42.3  49.5  43.6  46.9  48.6  36.9  31.0  28.9  24.4
 800      29.2  34.8  39.2  44.5  48.1  44.1  45.8  46.4  40.2  40.0  38.5  30.8
 700      29.0  33.6  37.6  44.2  47.5  41.9  45.8  43.0  38.4  36.8  36.0  31.5
 600      27.1  30.0  33.5  40.3  46.7  39.5  40.9  39.0  37.5  33.0  32.9  29.1
 500      24.1  25.9  28.4  32.9  40.8  35.3  34.7  35.5  32.1  29.4  28.5  25.9
 400      21.1  22.2  24.5  28.6  32.7  31.8  30.2  30.6  28.4  24.9  22.8  23.7
 300      22.0  19.3  21.7  29.4  26.4  28.8  30.1  23.6  25.1  28.4  18.1  22.6
 250      31.2  30.1  32.6  39.1  32.7  31.9  37.7  29.0  25.2  27.6  19.1  25.5
 200      44.6  53.6  52.8  80.0  63.8  44.1  56.7  45.2  37.2  38.8  34.6  37.4
 150      60.2  75.6  75.7  88.8  87.2  62.0  54.3  52.2  49.9  39.1  43.7  47.2
 125      75.7  69.1  76.6  83.3  82.3  59.6  52.8  55.1  57.0  49.1  45.5  55.5
 100      95.4  90.9  92.4  95.1  80.3  81.5  66.5  70.1  70.2  61.6  72.6  70.5
  90     108.4 104.1 101.7 109.1 101.0  89.7  78.3  77.9  77.8  71.1  86.1  87.9
  80     109.0 107.2 113.6 119.4 117.2 101.0  89.8  83.2  86.3  82.0  93.7  94.4
  70     117.0 128.8 128.7 129.6 121.6 105.8  95.0  94.7  95.2  91.5 100.3 112.1
  60     128.1 135.3 137.0 144.5 131.4 118.2 110.1 106.1 111.9 104.7 113.8 117.5
  50     137.5 152.2 151.4 148.8 143.8 127.5 121.6 117.6 116.2 114.8 118.9 125.8
  40     143.5 147.8 147.7 150.0 141.6 131.7 124.6 116.8 118.5 118.8 126.4 132.8
  30     134.3 139.1 135.9 129.7 130.9 129.0 127.6 121.5 116.6 118.3 126.7 125.0
  20     106.3 110.6 102.2 102.1 108.0 114.2 114.8 108.2 103.0  93.1 100.1 104.6
  10      55.6  57.7  59.4  61.2  69.2  70.5  68.7  65.2  60.1  54.1  49.9  51.3
               NUMBER OF SOUNDINGS
1000        16    17    14     6    10    22     7    13     8    11    10    18
 900        25    21    20    11    13    24    11    16    16    14    15    25
 800        25    22    20    11    13    24    11    16    16    14    15    25
 700        25    22    20    11    13    24    11    16    16    14    15    25
 600        25    22    20    11    13    24    11    16    16    14    15    25
 500        25    22    20    11    13    24    11    16    16    14    15    25
 400        25    22    20    11    13    24    11    16    16    14    15    25
 300        25    22    20    11    13    24    11    16    16    14    15    25
 250        25    22    20    11    13    24    11    16    16    14    15    25
 200        25    22    20    11    13    24    11    16    16    14    15    25
 150        25    22    20    11    13    24    11    16    16    14    15    25
 125        25    22    20    11    13    24    11    16    16    14    15    25
 100        25    22    20    11    13    24    11    16    16    14    15    25
  90        25    22    20    11    13    24    11    16    16    14    15    25
  80        25    22    20    11    13    24    11    16    16    14    15    25
  70        25    22    20    11    13    24    11    16    16    14    15    25
  60        25    22    20    11    13    24    11    16    16    14    15    25
  50        25    22    20    11    13    24    11    16    16    14    15    25
  40        25    22    20    11    13    24    11    16    16    14    15    25
  30        25    22    20    11    13    24    11    16    16    14    15    25
  20        25    22    20    11    13    24    11    16    16    14    14    25
  10        25    20    20     8    13    24    11    15    14    14    14    23
               STANDARD DEVIATION FOR EACH MONTH OVER ALL SOUNDINGS
1000       7.8   9.2   9.5  18.2  12.1  12.8   6.7  14.6  11.1   9.6   6.9   6.5
 900       6.9   7.8  10.9  11.9  13.9   9.2   8.0  12.2   9.1   8.8   8.9  10.4
 800       4.5   4.9   4.6  10.8  12.6   7.9   4.9  11.7   7.6   5.3   6.5   7.3
 700       3.5   3.9   6.9   8.1   5.9   8.0   5.5   7.6   6.9   4.6   3.6   4.9
 600       3.4   3.9   5.3   6.6   8.3   7.3   6.6   6.3   7.0   3.5   4.8   3.1
 500       4.5   2.7   5.0   2.3   7.6   4.1   6.2   5.3   7.0   2.6   4.7   3.8
 400       6.8   4.6   4.7   5.7   6.3   6.2   5.8   3.9   8.9   3.2   3.5   8.7
 300      12.9   6.2   7.1  25.0   5.7  17.5   9.6   4.2   9.0  18.3   3.5  12.4
 250      22.4  19.0  25.9  30.5  21.1  23.8  22.2  13.3  13.2  22.0   5.2  17.1
 200      29.7  32.3  36.8  30.6  30.3  24.9  27.1  17.2  17.6  15.8  13.0  17.5
 150      34.4  31.8  29.7  19.8  22.1  17.7  17.3  16.9  16.0  16.8  17.1  21.9
 125      39.1  29.6  39.3  36.8  23.5  15.4  15.0  12.0  16.5  19.8  17.6  29.6
 100      36.3  43.4  43.8  32.4  25.3  20.3  13.9  10.8  18.3  21.2  30.1  26.6
  90      45.5  40.8  44.4  34.3  26.6  20.1   9.9  13.7  17.2  20.4  24.6  33.2
  80      39.9  39.6  42.3  33.4  22.9  19.3  12.7  13.3  14.3  17.9  25.8  27.2
  70      31.9  38.0  36.7  30.9  27.6  19.3  11.2  13.3  12.7  16.5  24.8  27.2
  60      28.8  34.3  29.5  22.2  21.5  19.9  10.5  11.4  12.6  14.1  21.7  23.8
  50      26.6  35.6  22.9  20.8  12.2   9.1   7.0   9.0   8.9  10.2  14.9  25.8
  40      20.3  29.1  19.6  15.3   7.2   7.4  11.0   8.7  14.8   7.7  17.9  21.7
  30      15.8  19.9  13.5  11.4   6.5   8.9  10.3  11.6  18.1  11.9  16.7  13.2
  20      12.3  14.4  10.8  11.5   8.2  11.1   7.3   8.4  10.3   8.0  17.3  13.5
  10      10.7   9.8   9.6   7.4   6.5   3.4   3.0   3.4   7.1   4.9   7.0   9.2
