STATION CODE 191   Samoa   LOCF=0.8   HICF=1.2  (04/86 - 12/96)
PRESSURE  JAN   FEB   MAR   APR   MAY   JUN   JUL   AUG   SEP   OCT   NOV   DEC  
 
               OZONE MONTHLY MEAN OVER ALL SOUNDINGS IN MICRO-MB
1000       9.7  10.5  10.1  14.9  17.7  18.7  23.4  22.5  21.8  18.1  14.1  12.9
 900      11.2  11.1  10.5  17.4  16.3  17.8  22.0  20.9  21.3  18.5  15.6  13.2
 800      13.0  10.7  12.5  15.2  15.1  19.3  20.3  22.1  22.4  18.8  17.6  14.3
 700      15.5  12.5  16.1  18.8  17.5  22.3  22.4  23.1  25.6  24.1  26.1  20.5
 600      17.6  12.5  18.5  17.7  16.7  22.6  22.6  20.5  24.1  27.5  22.4  20.0
 500      16.6  12.1  16.0  16.2  15.5  21.0  17.5  18.3  20.2  23.5  21.6  18.0
 400      12.9  10.9  11.9  14.4  13.0  16.7  14.0  16.7  14.9  20.2  16.5  14.9
 300       9.0   8.8   9.3   9.3   8.1  13.0   9.9  12.3  11.1  13.7  12.0  11.3
 250       8.3   6.7   8.8   7.9   7.1  10.8   9.1   9.7   9.0  10.4  10.3   9.0
 200       7.4   5.0   7.0   6.9   6.7   9.0   8.7   8.3   8.1   8.4   9.0   6.6
 150       7.9   4.8   6.2   6.4   7.0   8.6   8.5   7.8   7.4   8.2   7.4   6.4
 125       8.6   5.6   6.8   7.0   8.3   9.2   8.5   8.9   8.4   8.6   9.9   7.1
 100      10.7   7.0   7.2   9.4  10.1  11.2  12.4  11.2  12.5  13.3  10.9   7.5
  90      13.3  12.0  11.6  12.1  11.8  13.8  16.1  14.3  16.9  17.9  14.6  13.1
  80      19.5  22.2  16.9  17.7  16.1  19.2  24.4  22.5  26.4  27.9  24.0  20.9
  70      30.1  32.5  25.2  28.3  27.7  33.5  37.8  38.1  38.6  42.4  40.0  35.6
  60      46.6  47.3  39.6  44.2  47.8  52.0  59.0  57.6  58.6  62.5  59.0  53.3
  50      67.5  70.2  61.9  65.6  75.2  76.8  83.9  76.1  77.1  79.4  79.9  74.2
  40      97.4  97.6  91.0  95.1  95.9 103.1  99.9  96.6  99.7 101.4 102.5 105.1
  30     122.6 122.1 124.1 122.0 125.5 128.9 123.2 121.1 121.6 127.6 129.4 130.7
  20     135.0 141.4 138.7 142.7 141.2 138.5 140.9 133.0 142.8 143.9 141.5 141.6
  10     101.4 107.1 105.8  97.6  94.6  93.0  87.8  88.1  99.1 103.9 100.4 103.8
               NUMBER OF SOUNDINGS
1000        12     8     9    12    15    13    10    15    16    22    14    13
 900        13     8     9    12    16    13    10    15    16    23    14    13
 800        13     8     9    12    16    13    10    15    16    23    14    13
 700        13     9     9    12    16    13    10    15    16    23    14    13
 600        13     9     9    12    16    13    10    15    16    23    14    13
 500        13     9     9    12    16    13    11    15    16    23    14    13
 400        13     9     9    12    16    13    11    15    16    23    14    13
 300        13     9     9    12    15    13    11    15    16    23    14    13
 250        13     9     9    12    15    13    11    15    16    22    14    13
 200        13     9     9    12    15    13    11    15    16    22    14    13
 150        13     9     9    12    15    13    11    15    16    22    14    13
 125        13     9     9    12    15    13    11    15    16    22    14    13
 100        13     9     9    12    15    13    11    15    16    21    14    13
  90        13     9     9    12    15    13    11    15    16    21    14    13
  80        13     9     9    12    15    13    11    15    16    21    14    13
  70        13     9     9    12    14    13    11    15    16    21    14    13
  60        13     9     9    12    14    12    11    15    16    21    14    13
  50        13     9     9    11    14    12    11    15    16    21    14    13
  40        12     9     9    11    14    12    11    15    16    21    14    13
  30        12     8     9    11    13    12    11    15    16    21    14    13
  20        12     8     9    11    13    11     9    14    16    19    13    11
  10        11     8     7    10    12     7     8    12    14    18    10     9
               STANDARD DEVIATION FOR EACH MONTH OVER ALL SOUNDINGS
1000       4.3   2.7   6.1   6.6   8.7   5.9   6.8   6.5   7.6   6.1   4.5   4.2
 900       4.1   2.8   5.3   9.9   7.5   3.8   5.7   6.2   7.0   5.4   4.2   3.5
 800       3.6   3.0   7.1   6.5   6.6   5.6   5.9   9.1   8.3   4.6   5.2   3.6
 700       6.5   5.1  10.3   9.5   7.6   6.0   7.3   8.5  11.3  10.4  12.3  10.5
 600       8.2   3.6  11.5   8.6   6.6   4.7   7.6   4.7   8.5  12.8   9.5   9.3
 500       7.4   3.8   7.6   5.5   6.1   4.0   4.8   4.4   5.5   8.2   7.1   8.6
 400       5.4   2.6   5.9   6.0   5.0   4.4   2.9   5.7   3.5   7.1   6.8   4.7
 300       1.6   2.6   3.9   4.3   3.1   5.2   2.1   3.8   2.9   6.7   4.9   5.0
 250       2.5   1.7   4.0   3.3   2.5   4.0   2.3   2.8   2.3   3.1   4.8   3.0
 200       4.8   1.3   2.6   3.7   3.1   3.0   3.3   3.2   3.2   3.1   4.7   2.8
 150       6.9   1.5   2.0   3.6   3.8   2.8   4.5   2.8   2.2   2.9   3.7   3.1
 125       5.9   1.9   2.7   3.5   3.5   3.0   4.4   2.8   2.2   2.1   7.1   3.4
 100       5.5   2.6   3.1   3.5   2.5   2.5   3.8   3.1   2.8   3.7   5.4   3.4
  90       6.7   4.6   3.9   3.2   2.2   3.1   4.2   3.5   3.4   4.8   6.1   6.5
  80       6.9   7.4   4.6   4.3   4.4   3.9   8.0   6.2   5.2   5.5   7.2   8.4
  70       4.6   3.0   4.1   4.4   4.3  11.0   8.1  10.1   7.6   8.4  10.7   8.6
  60       8.3   9.3   6.3   5.8   6.5   7.8   7.8   8.9   8.8   8.1  10.3   7.6
  50       9.7   8.6   5.8   6.0   8.8   7.0  13.1  10.2   8.0   6.1   7.0  12.1
  40       4.5  10.0   9.6   5.4   9.8  12.7  10.9  12.0  13.1   8.8   8.5  10.9
  30       5.7   8.7   6.2   7.8  13.8  12.4   8.9  13.0   8.6   9.1   9.9  12.5
  20       8.5   2.9   8.1   5.5   6.0   9.5   9.8  11.2   9.2   9.8  10.5  11.5
  10       4.3   6.8  18.9  17.2   9.5  14.4   9.5  15.9  15.1  15.9  10.7   9.0
