STATION CODE 434 SANCRISTOBAL SHADOZ (03/98 - 12/01)
PRESSURE   JAN   FEB   MAR   APR   MAY   JUN   JUL   AUG   SEP   OCT   NOV   DEC
 
OZONE MONTHLY MEAN OVER ALL SOUNDINGS IN NANOBAR
1000      11.1  13.9  13.1  10.9   9.3  15.1  18.6  18.0  19.5  17.2  15.4  11.6
 900      13.6  18.8  16.5  15.6  11.0  14.3  17.3  16.3  16.5  15.0  14.3  11.9
 800      16.8  18.6  15.5  14.4  12.4  13.3  17.0  18.9  17.8  16.7  15.9  14.1
 700      16.8  17.6  15.7  15.3  13.2  13.9  16.6  21.2  23.1  23.7  18.0  17.2
 600      17.7  18.2  16.2  15.1  12.1  13.9  18.4  20.4  24.5  26.4  20.2  18.8
 500      17.6  17.7  16.4  14.5  12.9  15.4  19.0  22.5  23.9  24.6  20.9  17.7
 400      14.4  13.2  13.9  12.6  11.7  13.0  16.1  20.1  20.4  19.3  17.0  14.3
 300      11.2   9.7  10.4  10.2   8.8  10.6  12.9  14.8  14.4  13.2  11.7  11.1
 250       9.1   8.8   8.2   8.0   8.0   8.9  10.2  11.5  12.0  10.5   9.7   8.9
 200       8.2   7.0   6.6   6.5   6.9   7.5   8.4  10.1  10.2   9.7   7.4   7.2
 150       8.6   6.6   5.9   5.8   6.5   7.6   8.7   9.3   9.6   8.0   6.0   5.9
 125       7.9   6.4   6.1   6.3   6.4   7.5   8.1   8.3  10.1   7.2   6.2   5.8
 100       6.9   7.8   6.8   7.3   7.1   9.2  10.5  10.1  12.4   9.0   6.1   6.3
  90       8.0   9.2   8.3   8.7  10.2  12.9  16.9  16.5  18.6  13.2   8.4   7.6
  80      13.4  13.8  14.0  13.7  14.5  20.7  24.2  26.4  26.6  21.9  18.0  11.0
  70      24.5  27.0  24.2  23.9  24.2  30.4  37.2  37.5  37.8  34.2  27.0  23.5
  60      42.0  41.5  38.3  38.4  39.8  46.7  50.7  51.4  50.5  49.8  40.3  39.5
  50      59.7  58.6  62.7  63.0  66.5  64.5  66.3  67.9  65.5  66.7  58.9  56.5
  40      77.1  85.9  88.5  90.0  90.4  87.4  87.5  86.8  90.9  84.2  77.8  82.1
  30      99.3 112.4 112.2 119.4 118.1 112.4 114.7 115.8 118.8 117.1 120.6 112.1
  20     123.2 126.3 128.8 137.3 139.1 132.7 135.4 136.0 139.4 133.1 131.8 127.0
  10      84.0  91.6  93.0  89.0  86.6  78.6  86.9  84.8  90.1  91.7  86.2  81.3
NUMBER OF SOUNDINGS
1000         8    12    26    13    12    11    13    13    25    17    15    18
 900         8    12    26    13    12    11    13    13    25    17    15    18
 800         8    12    26    13    12    11    13    13    25    17    15    18
 700         8    12    26    13    12    11    13    13    25    17    15    18
 600         8    12    26    13    12    11    13    13    25    17    15    18
 500         8    12    26    13    12    11    13    13    25    17    15    18
 400         8    12    26    13    12    11    13    13    25    17    15    18
 300         8    12    26    13    12    11    13    13    25    17    15    18
 250         7    12    26    13    12    11    13    13    25    17    15    18
 200         7    12    26    13    12    11    13    13    25    17    15    18
 150         6    12    26    13    12    11    13    13    25    17    14    18
 125         6    12    26    13    12    11    13    13    25    17    14    18
 100         6    12    26    13    12    11    13    13    25    17    14    18
  90         6    12    26    13    12    11    13    13    25    17    14    18
  80         6    12    26    13    12    11    13    13    25    17    14    18
  70         6    12    26    13    12    11    13    13    25    17    14    18
  60         6    12    26    13    12    11    13    13    25    17    14    18
  50         6    12    26    13    12    11    13    13    25    17    14    18
  40         6    11    26    13    12    11    12    13    25    17    14    18
  30         6    11    26    13    12    10    12    13    25    16    14    18
  20         6    11    26    13    12    10    12    13    25    16    14    17
  10         6    10    26    12    12    10    11    13    22    15    14    17
STANDARD DEVIATION FOR EACH MONTH OVER ALL SOUNDINGS
1000       5.3   5.5   4.6   4.2   1.7   3.5   3.7   2.0   3.4   2.7   3.8   2.4
 900       3.9   4.7   5.5   6.2   2.0   3.0   3.9   2.1   3.6   2.9   3.3   2.4
 800       4.5   3.9   4.9   2.2   2.3   1.9   3.6   4.0   5.5   3.3   3.7   2.8
 700       3.6   3.3   3.8   2.1   2.3   1.4   1.6   3.9   4.8   6.2   3.3   3.2
 600       3.7   3.5   4.0   1.5   2.0   1.5   2.0   3.0   4.2   4.4   3.8   4.1
 500       2.3   4.0   3.6   2.4   2.8   3.6   3.2   4.1   4.5   5.0   4.0   3.2
 400       2.0   2.5   2.9   2.7   2.6   3.3   3.6   3.7   3.9   3.4   3.5   2.4
 300       1.8   2.2   2.3   1.6   2.2   2.3   3.7   3.3   2.8   3.4   2.6   2.5
 250       1.5   1.8   2.2   1.3   2.7   2.2   2.7   2.9   2.1   3.1   2.5   1.7
 200       2.6   1.5   2.2   1.4   2.2   1.4   3.0   2.4   2.2   2.8   2.7   1.1
 150       4.0   2.2   2.0   1.5   2.1   1.5   2.9   2.9   2.0   2.8   2.6   1.4
 125       2.0   2.5   2.3   1.9   2.4   1.2   3.2   2.7   1.8   2.5   2.0   1.4
 100       1.5   2.2   1.7   2.0   2.4   0.7   3.1   2.7   3.3   3.2   1.6   1.5
  90       1.7   1.9   1.9   2.1   2.5   1.9   4.5   5.2   5.6   4.9   3.1   1.9
  80       3.3   5.3   5.0   3.6   3.0   4.7   5.3   5.5   4.9   5.8   6.1   4.6
  70       4.7   3.9   7.1   3.0   4.2   6.7   6.5   5.3   6.7   7.8   5.3   4.9
  60       5.1   5.8   7.6   4.4   3.6  10.9  10.1   8.0   6.9   9.3   5.9   7.2
  50       5.6   8.5  12.2   5.1  10.4  11.7  10.1   7.9   6.3   9.8   9.4   8.5
  40       5.1  14.8  14.3   5.8  13.0  16.3  11.7   7.7   8.3   9.4   9.0   8.9
  30       4.0  15.9  14.9  10.6   9.6  15.6   9.4   8.6   9.1  14.1  21.1  17.5
  20       4.4   6.3  11.1   6.3   6.2   5.2   5.6   8.2  11.0   9.4  10.7   6.4
  10       9.5  15.8  15.6  12.6  13.8   9.3  15.9   7.0  11.3  13.1  12.9  11.2
