STATION CODE 437 JAVA SHADOZ (01/98 - 11/02)
PRESSURE   JAN   FEB   MAR   APR   MAY   JUN   JUL   AUG   SEP   OCT   NOV   DEC
 
OZONE MONTHLY MEAN OVER ALL SOUNDINGS IN NANOBAR
1000      29.1  25.3  31.7  33.3  31.4  38.5  41.0  40.0  45.8  46.8  43.2  40.9
 900      23.9  22.8  24.5  25.2  25.9  29.3  29.8  34.9  39.8  37.6  34.9  28.7
 800      21.3  17.5  17.0  15.5  20.2  21.1  22.2  24.5  33.1  28.1  26.6  23.6
 700      19.1  15.4  15.1  14.1  18.8  20.2  18.7  21.3  25.3  27.3  24.9  23.2
 600      16.3  16.0  16.6  13.9  20.5  19.8  18.0  19.6  18.3  29.0  24.1  25.8
 500      15.1  14.2  16.7  12.3  20.5  16.5  14.7  13.6  15.5  27.0  22.2  19.6
 400      14.7  11.1  12.6  10.0  16.1  13.6  12.2  11.6  14.2  17.8  15.9  14.5
 300      10.7   8.2  11.1   7.8  10.2   9.4   8.8   7.4   9.1  12.2  11.4  10.9
 250       8.1   6.3   7.4   6.3   6.6   5.9   6.7   5.3   6.7   9.4   8.4   8.0
 200       6.0   4.9   5.8   5.0   5.2   4.2   5.6   4.5   5.0   7.5   6.3   5.7
 150       4.1   3.9   4.2   3.5   4.7   4.2   6.1   4.1   4.7   5.2   4.9   4.0
 125       3.4   4.1   3.4   3.7   5.1   6.1   6.6   5.2   5.1   4.0   4.1   3.1
 100       4.5   4.8   4.6   6.8   6.0   8.5   9.2   9.4   9.1   5.7   4.3   3.9
  90       6.4   6.6   8.2  12.5   7.7  12.6  12.6  15.9  15.9  11.8   7.3   6.6
  80      11.8  12.8  13.9  20.2  12.6  16.8  20.7  24.3  23.3  21.1  13.7  12.7
  70      26.3  22.7  22.1  34.2  21.8  26.4  31.0  33.8  34.6  31.1  26.7  25.1
  60      38.1  36.5  35.9  36.2  38.8  45.6  46.7  50.0  50.6  46.2  42.7  42.9
  50      54.4  56.0  60.1  58.6  60.3  61.1  63.8  67.9  69.8  64.2  61.9  64.0
  40      91.0  82.7  90.2  89.0  82.8  80.5  87.5  91.4  93.6  87.7  86.6  87.1
  30     124.6 109.6 120.3 121.1 112.3 107.7 112.6 117.1 118.6 117.9 119.5 120.0
  20     140.7 133.3 130.6 143.6 140.1 131.5 136.1 137.6 140.6 136.5 140.8 138.6
  10     105.7 120.0  96.8 107.3  91.2  88.0  93.4  85.1  98.0  97.6 101.2  94.8
NUMBER OF SOUNDINGS
1000        11     9    11    11     9    10    11    17    17    11    12    11
 900        11     9    11    11     9    10    11    17    17    11    12    11
 800        11     9    11    11     9    10    11    17    17    11    11    11
 700        11     9    11    11     9    10    11    17    17    11    12    11
 600        11     9    11    11     9    10    11    17    17    11    12    11
 500        11     9    11    11     9    10    11    17    17    11    12    11
 400        11     9    11    10     9    10    11    17    17    11    12    11
 300        11     8    10    11     9    10    11    17    17    11    12    11
 250        11     8    10    11     9    10    11    17    17    11    12    11
 200        11     8    10    11     9     9    11    17    17    11    12    11
 150        11     8    10    11     9     9    11    17    17    11    12    11
 125        11     8    10    11     9     8    11    17    17    11    12    11
 100        10     8     9    11     9     8    11    17    16    11    12    11
  90        10     8     8    11     9     8    11    17    17    11    12    11
  80        11     8     8    11     8     8    11    17    17    11    12    11
  70        11     8     9    10     8     8    11    17    17    11    12    11
  60        11     8     9     9     8     8    11    17    17    11    12    11
  50        10     7     9     9     9     8    11    16    17    11    12    11
  40         9     6     8     8     9     8    11    15    17    11    11    11
  30         8     5     8     6     9     6    11    15    17    11     9     9
  20         7     5     7     6     8     4    11    13    16    11     8     9
  10         4     4     7     6     8     4     9    12    16    11     8     5
STANDARD DEVIATION FOR EACH MONTH OVER ALL SOUNDINGS
1000       7.5   8.0  12.6   7.9   9.9  10.1  11.7  11.0  12.6  16.7  15.9  11.7
 900       7.0   6.2   6.9   6.4   6.9   6.6   9.2   9.5   8.8  14.4  13.6   7.1
 800       5.3   6.4   5.5   4.2   2.5   4.9   7.7   9.0   8.8   9.2   6.5   5.8
 700       4.3   4.8   5.1   3.5   5.0   6.5   9.0  10.5   8.6  13.7   7.8   5.8
 600       5.4   4.8   5.6   2.6   7.5   4.9   8.4   6.5   4.4  14.1   7.5   7.6
 500       5.8   4.5   5.0   2.6   7.7   4.4   6.1   5.1   4.7  13.4   6.9   4.4
 400       7.0   4.3   2.5   1.8   8.0   4.2   3.8   3.6   5.1   8.0   4.3   2.8
 300       4.8   3.5   6.1   2.0   4.4   2.9   2.4   2.2   3.9   5.2   3.8   2.1
 250       3.3   3.7   2.6   2.1   2.7   2.2   3.1   2.1   3.4   3.4   2.5   1.6
 200       2.5   2.5   2.2   2.0   2.9   1.8   2.7   2.1   2.9   3.1   2.1   1.4
 150       1.8   2.0   2.3   1.5   3.1   1.6   2.3   1.9   2.3   2.0   1.9   1.2
 125       1.9   3.0   2.3   3.2   1.6   2.7   2.6   1.8   2.1   1.9   2.3   0.9
 100       2.2   3.0   2.4   9.8   1.3   1.9   3.0   3.1   3.1   2.0   2.2   1.3
  90       3.2   2.5   2.6  19.0   2.0   1.8   2.3   2.9   3.9   3.2   2.8   2.5
  80       5.1   3.1   3.5  25.4   3.2   3.5   3.5   5.7   4.8   4.6   3.7   4.2
  70       8.9   4.7   7.0  35.2   5.8   5.8   4.5   6.2   5.9   3.9   6.2   6.9
  60       8.0   5.8  10.5   7.8  10.0   8.1   4.8   6.1   5.7   4.8   9.4   8.5
  50       7.6   5.6  10.9  11.8   6.9   9.3   6.7   6.5   7.0   5.5  12.9   7.7
  40      10.2   4.2  14.0   6.8   6.9   9.7   8.8   7.8   6.4   3.9   4.9   7.4
  30       9.7   4.9  19.5  10.2   9.4  14.1   7.7   5.9   9.9  11.8  15.8  13.5
  20       3.2   7.0  16.9   5.5   7.7  10.3   6.4   5.8  14.9  14.3  13.1  11.6
  10      16.8  12.3  21.5   7.9  20.5  22.0  18.2  12.4  14.3  11.4  17.5  17.7
