STATION CODE 265 IRENE SHADOZ (11/98 - 12/02)
PRESSURE   JAN   FEB   MAR   APR   MAY   JUN   JUL   AUG   SEP   OCT   NOV   DEC
 
OZONE MONTHLY MEAN OVER ALL SOUNDINGS IN NANOBAR
1000     -99.9 -99.9 -99.9 -99.9 -99.9 -99.9 -99.9 -99.9 -99.9 -99.9 -99.9 -99.9
 900      24.0  10.1  28.7  21.0  18.4  19.8  19.0  29.7  25.5  34.2  34.8  39.9
 800      30.3  17.7  30.0  24.5  27.3  24.1  25.0  31.0  39.4  40.9  37.1  34.6
 700      32.8  26.1  27.9  25.1  27.2  28.7  30.0  37.7  41.1  46.3  36.0  35.4
 600      30.3  27.4  26.4  24.2  23.9  25.2  27.7  32.3  36.0  41.7  33.3  31.6
 500      29.1  26.7  28.9  21.8  19.8  23.8  24.3  27.6  31.4  34.0  30.7  27.4
 400      23.3  24.0  25.6  20.1  15.5  19.3  21.2  23.0  26.1  30.5  25.5  24.5
 300      21.2  21.0  21.3  15.9  14.2  16.1  18.8  21.5  21.4  26.3  23.5  20.8
 250      18.0  14.9  17.1  13.7  13.6  16.8  17.9  19.2  17.7  22.6  22.0  18.6
 200      14.3  14.6  14.5  13.5  14.8  18.1  16.6  18.8  15.4  21.2  19.3  16.2
 150      11.3  11.7  12.1  12.3  15.3  16.1  18.3  19.3  17.4  18.3  18.6  14.8
 125      10.2  10.7  11.9  13.5  17.0  15.3  17.7  19.1  19.0  17.7  18.9  17.3
 100      11.6  11.3  12.4  16.9  19.3  16.7  21.3  23.8  23.6  23.2  20.6  20.0
  90      15.0  17.3  16.8  18.5  24.4  19.2  29.7  27.4  30.4  26.5  25.6  26.2
  80      21.4  23.6  23.1  22.6  26.9  24.1  35.5  34.4  36.3  36.9  33.4  30.0
  70      32.5  35.7  32.1  32.7  37.9  35.4  44.8  50.1  53.8  49.8  45.7  42.1
  60      50.6  47.6  46.9  49.9  51.1  53.1  62.7  76.4  76.4  74.5  67.7  60.0
  50      73.0  68.6  69.3  68.9  74.0  77.7  94.4 103.4 108.1 103.0  97.0  84.1
  40     100.9  98.5  96.3  94.0 102.5 110.9 125.3 134.5 140.2 127.2 118.2 110.2
  30     125.9 126.4 125.0 120.5 126.6 134.2 142.6 144.2 144.2 139.0 133.1 129.5
  20     132.6 135.5 135.4 129.0 127.2 122.8 132.2 124.9 127.6 132.7 133.1 129.3
  10      96.8  96.4  90.8  83.5  81.3  71.4  75.3  78.8  88.9  96.8  99.8  90.9
NUMBER OF SOUNDINGS
1000         0     0     0     0     0     0     0     0     0     0     0     0
 900         1     2     4     8     9     8     7    11     4     7     7     3
 800         7     5     8    10    11     9     9    11    12    10    12     9
 700         7     6     8    10    11     9     9    11    12    10    12     9
 600         7     6     8    10    11     9     9    11    12    10    12     9
 500         7     6     8    10    11     9     9    11    12    10    12     9
 400         7     6     8    10    11     9     9    11    12    10    12     9
 300         7     6     8    10    11     9     9    11    12    10    12     9
 250         7     6     8    10    11     9     9    11    12    10    12     9
 200         7     5     8    10    11     9     9    11    12    10    12     9
 150         7     5     8    10    11     9     9    11    12    10    12     9
 125         7     5     8    10    11     9     9    11    12    10    12     9
 100         7     5     8    10    11     9     9    11    12    10    12     9
  90         7     5     8    10    10     9     9    11    12    10    12     9
  80         7     5     8    10    10     9     9    11    12    10    12     9
  70         7     5     8    10    10     9     9    11    12    10    12     9
  60         7     5     8    10    10     9     9    10    12    10    12     8
  50         7     5     8    10    10     9     9     9    12    10    12     9
  40         7     5     8    10    10     9     9     8    12    10    12     9
  30         7     5     8    10    10     9     9     8    12    10    12     9
  20         7     5     8    10    10     8     8     8    12     9    12     9
  10         7     5     7     9     9     7     7     8    12     8    10     8
STANDARD DEVIATION FOR EACH MONTH OVER ALL SOUNDINGS
1000       0.0   0.0   0.0   0.0   0.0   0.0   0.0   0.0   0.0   0.0   0.0   0.0
 900       0.0   0.5  13.0   8.3  10.4  11.2  10.4  10.4   7.2  18.7  16.8   5.7
 800      13.0   6.3   8.1   9.1   8.2  11.2  10.0  10.3   9.1  17.5  11.9   7.6
 700       4.2   6.1   7.3   9.1   4.3   8.1   6.7   8.8   9.1  10.1   7.3   4.5
 600       1.7   5.0   8.0   4.2   3.9   5.5   3.7   5.4  10.0   9.0   5.9   5.2
 500       5.8   5.5   5.1   3.9   3.5   5.8   3.5   2.7   8.6   6.1   4.6   4.4
 400       5.0   5.3   3.7   3.9   3.2   4.8   2.1   2.9   4.9   4.3   3.3   4.3
 300       2.7   4.4   2.4   3.7   3.3   3.7   2.2   4.9   3.5   3.4   6.0   4.0
 250       2.5   6.5   2.5   2.3   3.7   3.0   5.5   3.4   4.3   2.4   6.3   2.3
 200       1.9   2.2   1.9   2.3   3.6   3.5   6.4   5.5   1.8   3.9   4.9   2.7
 150       2.5   2.1   1.5   3.2   6.7   3.3  10.7   7.4   4.1   4.5   2.7   3.5
 125       2.5   2.8   2.5   3.1   8.8   3.5   8.0   5.7   3.6   4.4   5.7   5.7
 100       2.4   2.4   2.2   5.1  11.5   2.9   7.6   8.3   7.9  10.5   6.4   7.5
  90       2.9   2.5   4.0   3.3  15.1   3.3  16.0   8.6  13.3   9.6   9.5   9.7
  80       3.0   2.7   5.3   2.5   9.3   6.1  17.4  10.5  13.7  10.5   7.6   8.2
  70       1.9   4.3   5.4   5.6  12.8  16.3  15.4  14.6  16.0   6.6   9.1   9.1
  60       2.9   2.7   3.7   9.2  11.1  13.5   9.5  18.4  13.9   8.3   4.7  10.2
  50       2.3   4.4   4.9   7.9   9.2  10.5  16.5  19.3  15.2   7.5   6.2  12.6
  40       2.9   3.4   5.4   7.6   7.8  12.0  18.9  14.8  14.2   6.3   4.2  11.8
  30       3.9   2.4   7.6  10.4  10.3  10.4   9.1   4.7   4.6   4.6   4.9   8.4
  20       4.8   3.8   6.3  10.4  11.1   6.7   7.4   7.5   6.7   5.9   6.8   4.2
  10       9.1  13.2   9.8  11.9  11.1  12.4   8.6   9.7  15.3  16.6   9.5   9.6
