STATION CODE 109   Hilo   LOCF=0.8   HICF=1.2  (01/85 - 12/93)
PRESSURE  JAN   FEB   MAR   APR   MAY   JUN   JUL   AUG   SEP   OCT   NOV   DEC  
 
               OZONE MONTHLY MEAN OVER ALL SOUNDINGS IN MICRO-MB
1000      23.4  25.8  27.7  36.2  24.5  21.1  16.8  16.7  15.9  15.4  24.8  23.6
 900      30.9  28.6  32.4  36.4  28.4  24.1  20.8  19.8  18.2  23.5  28.9  31.3
 800      30.9  30.6  32.8  34.6  29.7  27.0  22.5  21.9  19.9  24.1  26.1  30.2
 700      32.6  30.6  37.5  40.4  38.4  34.3  34.0  27.9  24.5  25.4  27.4  28.8
 600      29.1  27.5  35.1  39.3  36.5  29.8  29.1  26.5  22.5  25.1  26.4  25.9
 500      25.4  25.0  29.7  33.0  32.6  26.2  21.7  18.5  20.2  19.9  22.6  23.4
 400      19.3  19.4  22.1  27.4  28.1  19.9  15.9  15.6  15.8  16.0  19.4  19.4
 300      15.1  14.3  16.7  20.8  20.6  16.6  11.3   9.6  10.4  11.5  14.8  14.3
 250      13.5  12.5  12.4  15.2  18.0  16.5   9.2   8.8   9.0  10.2  12.5  12.5
 200      13.0  11.9  10.8  14.9  17.9  15.0  10.1   7.4   7.3   9.6  10.6  11.0
 150      11.5   9.3  12.6  15.4  19.9  20.3  10.4   9.0   8.5   9.4  11.9   9.9
 125      11.4   9.7  12.5  17.3  20.4  22.6  12.8  10.8  11.0  11.4  14.2  10.5
 100      12.7  11.8  16.0  19.6  30.7  28.5  22.8  20.1  19.2  14.7  17.5  12.2
  90      12.9  15.5  18.7  27.7  38.0  32.4  28.7  26.6  23.5  20.6  20.3  12.9
  80      18.5  21.5  26.4  34.9  46.8  38.7  34.9  35.4  33.4  28.2  27.5  20.3
  70      33.3  36.5  41.4  54.0  57.9  48.7  44.5  46.7  46.0  41.8  40.0  34.3
  60      60.3  58.7  63.0  76.5  71.5  67.7  64.6  63.1  60.4  57.6  57.8  57.5
  50      80.7  77.0  83.8  88.1  93.4  88.4  86.1  83.8  79.2  75.9  75.3  81.7
  40     105.6 103.5 106.9 106.8 115.8 112.3 114.2 112.0 104.3 100.7  97.7 102.1
  30     122.8 128.7 128.6 131.6 137.3 137.2 137.7 135.3 132.5 128.4 124.7 121.5
  20     126.7 126.5 135.4 144.1 146.2 147.7 145.7 146.5 147.1 144.9 139.0 132.4
  10      82.4  90.7  95.4  99.2  98.5  95.9  96.5  98.1  97.8  95.5  91.3  87.9
               NUMBER OF SOUNDINGS
1000        31    25    24    26    24    28    25    35    28    34    26    24
 900        30    25    24    28    26    28    25    36    30    32    27    25
 800        31    25    26    28    28    29    25    36    30    33    28    29
 700        31    26    27    28    28    29    25    36    30    34    28    30
 600        31    28    27    28    28    29    26    36    30    34    28    30
 500        31    30    27    28    28    29    26    36    31    35    28    29
 400        31    30    27    28    28    29    25    36    31    35    28    29
 300        31    31    27    28    28    29    25    36    31    35    28    29
 250        31    31    27    28    28    29    25    36    31    35    28    29
 200        31    31    27    28    28    28    25    36    31    35    28    29
 150        31    31    27    28    28    28    25    36    31    36    28    29
 125        31    31    27    28    28    28    25    36    31    36    28    29
 100        31    31    27    28    28    28    26    36    31    36    28    29
  90        31    31    27    28    28    28    26    36    31    36    28    29
  80        31    31    27    28    28    28    26    36    31    36    28    29
  70        31    31    27    28    28    28    26    36    31    36    28    29
  60        31    31    27    28    28    28    26    36    31    36    28    29
  50        31    31    27    28    28    28    26    36    31    36    28    29
  40        31    30    25    28    28    28    26    36    31    36    28    28
  30        31    28    25    28    28    28    26    36    31    36    28    28
  20        30    28    25    28    27    28    26    36    31    36    28    27
  10        28    27    24    26    26    28    24    35    30    31    26    25
               STANDARD DEVIATION FOR EACH MONTH OVER ALL SOUNDINGS
1000      12.0  11.6  12.4  13.6  11.8   9.7   9.0  10.2   8.8  11.8  10.1  10.5
 900       9.1  10.6   9.7   8.2   9.9   8.6   6.4   5.8   8.0   8.9   7.6   6.7
 800       8.2   6.3   8.4   8.2   8.2   8.2   8.0   5.7   7.4   8.7   8.6   7.4
 700       6.6   7.2   8.4   9.1  10.1  11.3  13.1   9.5   8.4   8.3   8.6   6.9
 600       4.9   6.6   7.1   9.4   7.9   9.2  10.1   8.0   5.9   8.0   6.5   5.6
 500       4.6   7.6   6.0   8.4   9.5   8.1   7.6   5.1   6.6   6.7   6.1   4.7
 400       5.6   6.5   6.0   8.0   7.4   6.7   5.3   5.9   5.6   5.5   6.4   7.1
 300       5.1   6.5   6.6   9.5   7.3   7.3   4.2   4.6   4.1   4.4   7.8   5.3
 250       5.3   6.3   6.8   7.4   9.0   9.4   4.0   4.2   4.3   5.1   6.5   5.7
 200       5.8   6.6   7.4   8.1   9.5  11.1   5.5   3.3   3.9   5.1   5.3   4.9
 150       6.6   4.8  10.2  12.0  15.7  10.4   6.5   4.5   4.5   4.3   6.7   4.3
 125       6.9   5.1   7.2  17.3  15.2   9.4   6.3   4.2   4.4   5.1  10.4   5.4
 100       6.1   5.9  11.3   9.1  16.1  12.9   7.2   3.3   4.6   4.2   9.9   5.4
  90       6.9  10.1  11.6  22.1  20.3  12.6   7.9   5.0   4.6   6.6  10.6   4.5
  80      11.1  14.1  16.3  22.9  16.6  12.5   9.1   5.7   5.5   6.5  10.8   9.6
  70      18.6  19.3  17.4  25.9  15.3  10.7   8.1   5.3   5.7   5.5  11.2  10.1
  60      17.5  19.3  16.3  24.4  13.5  11.4   9.2   7.0   6.4   6.4  12.8  15.5
  50      19.2  16.9  16.8  15.9  15.7  12.3   8.9   8.8   6.2   7.4  13.1  13.4
  40      18.6  19.9  16.7  14.9  11.4   9.8   9.7   8.1   7.6  11.0  11.8  13.6
  30      17.1  17.2  12.9  10.6   6.5   6.5   9.7   7.5  10.0  12.2   9.6  12.1
  20       6.7   7.4   8.3   8.0   7.8   6.4   6.9   6.0   6.6   7.7   6.9   8.8
  10      12.0  11.9  10.4  10.8   9.0   5.2   7.4   7.8   6.7   7.8   9.9  13.6
