STATION CODE 191 SAMOA SHADOZ (01/98 - 12/02)
PRESSURE   JAN   FEB   MAR   APR   MAY   JUN   JUL   AUG   SEP   OCT   NOV   DEC
 
OZONE MONTHLY MEAN OVER ALL SOUNDINGS IN NANOBAR
1000      10.6   9.4   8.4  10.8  15.3  17.4  19.4  17.4  20.6  15.3  13.2  11.9
 900      11.1   9.5   8.3  10.7  15.4  16.7  19.0  17.2  19.9  15.7  14.1  13.4
 800      11.7   9.9   9.0  11.6  16.5  17.5  18.3  17.3  20.7  18.2  16.1  15.7
 700      13.3  13.1  10.0  12.9  19.4  19.7  19.6  18.3  20.9  22.8  19.5  19.8
 600      13.6  15.2  11.3  14.1  18.3  20.4  18.2  17.2  20.1  21.8  20.4  19.3
 500      13.2  13.5  12.0  12.6  15.7  17.6  15.7  15.1  19.6  22.0  18.8  18.0
 400      10.8   9.7   8.9   9.9  12.2  13.9  11.5  11.6  15.4  16.4  15.0  13.2
 300       7.9   7.5   5.7   7.1   8.1  11.4   9.8   8.1  10.7  11.5  10.7   8.2
 250       5.9   5.3   4.1   4.8   6.0   8.4   8.8   6.3   8.0   8.3   7.8   7.3
 200       4.6   3.9   3.4   3.9   4.0   7.7   7.4   5.1   6.0   6.7   6.1   5.4
 150       4.0   4.3   3.4   4.2   5.1   6.6   7.2   5.6   5.5   6.4   7.7   5.3
 125       5.6   4.9   5.3   5.2   6.1   7.2   7.8   6.4   7.0   6.4   9.0   6.6
 100       7.7   7.3   9.2   6.9   7.1   8.6  10.0   8.4  10.0   8.8  10.6   7.3
  90      10.3  12.0  11.9  10.7   9.4  11.6  13.2  13.9  15.6  15.0  15.2  11.5
  80      16.4  16.5  15.1  15.5  14.5  15.7  17.8  22.3  22.6  24.8  25.1  17.8
  70      24.3  24.5  21.1  22.8  24.4  25.0  31.5  35.2  33.0  37.8  40.4  31.6
  60      39.5  39.2  33.9  36.8  39.5  44.8  53.0  53.7  55.3  56.1  54.5  49.3
  50      61.2  60.8  54.9  57.1  62.3  67.1  78.0  72.2  74.7  75.2  74.5  69.4
  40      88.1  87.1  83.3  87.6  86.2  88.7  99.0  96.7 105.4  99.3  98.2  94.4
  30     116.9 116.8 117.9 118.7 116.6 116.6 117.9 116.8 126.7 121.3 121.3 117.7
  20     130.5 132.9 135.7 136.4 134.7 130.0 129.6 125.9 128.0 134.7 136.1 131.4
  10      89.0  91.7  91.3  86.7  81.2  77.2  81.3  82.6  93.7  87.7  96.1  87.6
NUMBER OF SOUNDINGS
1000        15    19    21    18    17    17    17    17    12    14    16    11
 900        15    19    21    18    17    17    17    16    12    14    16    11
 800        15    19    21    18    17    17    17    16    12    14    16    11
 700        15    19    21    18    17    17    17    17    12    14    16    11
 600        15    19    21    18    17    17    17    17    12    14    16    11
 500        15    19    20    18    17    17    17    17    12    14    16    11
 400        15    19    20    18    16    17    17    17    11    14    16    11
 300        15    19    20    18    16    17    17    17    11    14    16    11
 250        15    19    20    18    16    17    17    17    11    14    16    11
 200        15    19    19    18    15    17    17    17    11    14    16    10
 150        15    19    20    17    16    17    17    17    11    14    16    10
 125        15    19    20    17    16    17    17    17    11    14    16    10
 100        15    19    20    18    16    17    16    17    11    14    15    10
  90        15    18    20    17    16    17    17    17    11    14    15    10
  80        15    18    19    17    16    17    17    17    10    14    14    10
  70        15    18    19    16    16    17    16    17    10    14    14    10
  60        15    18    18    17    15    17    16    17    10    13    14    10
  50        15    18    18    17    15    17    16    16    10    13    14    10
  40        15    18    18    17    15    17    16    16    10    12    14    10
  30        15    18    17    17    15    17    15    16    10    11    14    10
  20        15    17    17    16    15    17    15    16    10    11    14    10
  10        14    16    17    15    14    17    15    13    10    11    14     9
STANDARD DEVIATION FOR EACH MONTH OVER ALL SOUNDINGS
1000       2.1   2.6   3.3   4.6   6.1   5.1   8.6   6.4   6.0   4.0   3.7   4.8
 900       2.0   2.5   2.9   3.6   4.5   5.1   7.2   6.1   5.4   4.3   2.9   5.1
 800       2.3   2.5   3.4   4.1   4.6   5.6   6.2   5.6   7.3   4.9   4.5   6.3
 700       4.4   5.4   4.1   5.6   7.3   6.2   7.6   7.5   6.9   8.0   6.4   7.8
 600       4.9   5.5   4.1   6.0   6.0   5.5   5.7   6.3   6.8   6.0   8.7   6.1
 500       4.6   5.5   4.4   4.5   3.4   4.5   4.5   3.9   6.4   8.5   6.9   3.9
 400       3.6   4.0   3.4   3.4   3.3   3.4   3.0   3.4   2.9   5.7   4.8   3.5
 300       3.9   4.4   2.5   1.8   2.7   4.6   3.7   3.0   3.1   4.2   3.7   4.0
 250       4.1   4.1   2.2   1.2   2.1   3.5   3.8   3.2   3.6   3.1   2.7   5.0
 200       4.1   3.3   1.6   2.2   1.5   3.3   3.3   2.8   2.0   3.7   1.8   3.7
 150       3.3   3.2   2.4   2.7   3.0   2.4   2.6   3.2   1.9   3.7   3.0   2.5
 125       4.6   3.0   3.5   2.1   2.6   1.9   2.0   3.4   2.4   3.3   3.8   2.6
 100       5.5   3.2   4.0   2.6   2.2   1.7   2.4   3.9   3.8   4.0   4.4   2.9
  90       6.1   4.1   3.3   3.7   2.8   3.1   3.0   3.2   2.4   5.5   5.0   4.8
  80       4.4   2.9   4.3   3.2   3.0   2.6   4.9   3.0   4.4   5.3   5.7   5.4
  70       3.6   3.5   3.4   3.4   4.7   3.9   6.9   6.6   3.7   7.6   8.8   5.8
  60       4.3   3.7   3.0   5.5   8.1   5.8   7.5   9.4   9.2   8.3   6.8   5.7
  50       5.5   3.9   5.3   7.7   5.4   4.9  11.1   9.8   6.5   6.7   8.0   7.3
  40       5.6   5.2   6.8   5.9   5.6   7.0  12.2   9.7  10.8   4.2   5.9   6.7
  30       6.9   5.2   7.1   4.7   6.4   8.3   8.3   3.9   7.1   2.5   3.3   6.5
  20       8.3   4.3   4.3   3.4   4.7   3.9   4.5   7.8   5.9   5.2   5.5   4.5
  10      10.5  13.3  12.3   8.4  11.8   9.4  12.6   8.4  13.9   6.8  14.7   8.0
