STATION CODE 190   Naha   LOCF=0.8   HICF=1.2  (09/89 - 12/95)
PRESSURE  JAN   FEB   MAR   APR   MAY   JUN   JUL   AUG   SEP   OCT   NOV   DEC  
 
               OZONE MONTHLY MEAN OVER ALL SOUNDINGS IN MICRO-MB
1000      30.8  37.0  37.7  33.3  37.1  12.3   9.1  10.5  24.1  29.0  30.0  33.2
 900      34.9  39.6  39.9  36.3  40.0  15.5  11.1  15.3  25.5  32.2  33.1  35.9
 800      34.3  39.4  37.4  35.8  39.6  17.6  13.2  16.8  25.6  27.3  30.8  32.9
 700      31.1  34.2  36.2  39.2  37.7  18.7  15.3  19.1  22.6  22.7  27.8  30.3
 600      28.8  31.3  31.9  36.2  34.8  23.1  18.9  19.8  20.7  21.2  25.3  27.1
 500      24.9  27.1  26.6  32.5  29.3  21.3  23.3  19.1  21.4  21.2  22.8  23.8
 400      21.6  21.3  23.1  27.8  26.7  20.4  23.5  20.3  19.6  21.0  17.4  20.4
 300      16.1  16.4  17.1  20.7  21.6  15.9  19.8  14.9  14.3  15.9  14.4  16.6
 250      13.5  12.9  13.6  18.4  18.5  13.5  16.3  13.2  11.8  12.1  12.2  12.7
 200      11.0   9.5  10.9  14.8  16.1  11.2  14.3  11.7   9.9  10.3  10.5   8.6
 150       9.3   8.6   8.2  13.2  14.3  10.0  11.6  10.4   7.8   8.6   8.5   6.7
 125      11.0   9.8   8.4  12.6  14.8  11.4  11.7  10.6   7.8   8.1   8.3   7.4
 100      12.0  11.8   9.2  12.8  16.6  13.0  15.5  15.6  10.7   8.6   9.5  10.3
  90      13.7  17.3  11.7  14.5  19.8  15.2  21.8  21.4  14.4  11.6  12.5  13.1
  80      19.0  24.5  16.7  19.6  24.3  23.5  34.4  28.3  22.3  18.4  18.9  18.0
  70      28.8  33.6  25.3  27.5  35.3  40.5  49.1  38.7  39.2  33.6  29.6  28.9
  60      50.1  59.0  51.3  46.4  63.4  63.4  63.1  56.4  56.1  54.0  47.1  46.7
  50      69.5  84.3  84.1  77.2  89.5  88.1  80.4  73.2  75.2  71.4  64.4  66.4
  40      90.0 105.1 104.4 102.8 117.5 105.4 103.7  97.2 100.8  91.8  87.1  88.7
  30     112.9 121.9 123.4 125.6 139.2 130.6 127.1 124.6 121.9 114.6 112.8 118.7
  20     117.2 120.6 125.2 131.8 142.4 138.8 137.8 136.3 136.5 129.5 124.6 124.8
  10      68.1  73.6  84.6  89.3  88.0  92.3  92.5  93.9  91.2  88.2  82.1  74.4
               NUMBER OF SOUNDINGS
1000        16    11    14    16    17    12    14    11    16    19    16    20
 900        16    11    14    16    17    12    15    13    16    19    16    20
 800        16    11    14    16    17    12    15    13    16    19    16    20
 700        16    11    14    16    17    12    15    13    16    19    16    20
 600        16    11    14    16    17    12    15    13    16    19    16    20
 500        16    11    14    16    17    12    15    13    16    19    16    20
 400        16    11    14    16    17    12    15    13    16    19    16    20
 300        16    11    14    16    17    12    15    13    16    19    16    20
 250        16    11    14    16    17    12    15    13    16    19    16    20
 200        16    11    14    16    17    12    15    13    16    19    16    20
 150        16    11    14    16    17    12    15    13    16    19    16    20
 125        16    11    14    16    17    12    15    13    16    19    16    20
 100        16    11    14    16    17    12    15    13    16    19    16    20
  90        16    11    14    16    17    12    15    13    16    19    16    20
  80        16    11    14    16    17    12    15    13    16    19    16    20
  70        16    11    14    16    17    12    15    13    16    19    16    20
  60        16    11    14    16    17    12    15    13    16    19    16    20
  50        16    11    14    16    17    12    15    13    16    19    16    20
  40        16    11    14    16    17    12    15    13    16    19    16    20
  30        16    11    14    16    17    12    15    13    16    19    16    20
  20        16    11    14    16    17    12    15    13    16    19    16    19
  10        14    10    13    16    16    11    13    12    11    19    16    16
               STANDARD DEVIATION FOR EACH MONTH OVER ALL SOUNDINGS
1000       5.2   4.4   6.2  13.2  14.4  14.0   4.8   6.9  13.7  11.9   5.0   6.5
 900       4.3   5.3   5.2  12.3  14.3  14.8   5.0  12.6  13.9  11.4   5.1   6.0
 800       3.4   6.2   5.8   8.9  13.8  12.7   5.7  10.8  13.9   8.8   4.8   5.0
 700       3.3   6.7   6.3   6.5  10.4  12.0   5.2  15.5  13.3   7.2   5.2   4.2
 600       4.3   4.9   4.4   6.2   7.0  11.9   5.3  14.5  10.0   6.0   4.5   2.8
 500       5.2   4.9   4.2   4.5   6.8   7.7   7.4   8.7   8.9   6.5   5.0   3.2
 400       4.2   4.4   4.7   4.3   7.8   7.8   5.8   5.2   4.9   5.5   4.4   3.6
 300       4.6   6.1   5.0   5.8   5.6   7.1   5.0   4.4   3.3   5.7   4.6   4.6
 250       5.0   4.7   4.8   4.8   4.1   5.2   6.6   4.3   3.3   3.9   3.5   3.9
 200       4.1   3.5   5.0   6.7   3.3   3.9  10.1   5.0   3.4   4.4   3.4   3.0
 150       4.0   2.6   3.9   5.7   3.9   3.8   4.4   4.2   3.2   3.7   3.6   3.0
 125       5.9   2.9   3.1   3.6   5.2   4.2   4.1   3.4   2.8   3.6   3.0   2.6
 100       4.9   3.8   2.4   2.1   9.3   3.2   6.9   4.1   5.1   3.5   2.5   4.1
  90       5.6   7.4   2.2   2.7  10.2   3.6   8.4   4.1   4.1   3.7   4.2   4.9
  80       8.0  12.3   3.9   4.4  10.3   8.0  10.1   5.1   3.3   4.3   6.5   5.5
  70      12.3  16.5   6.9   7.2  11.6  11.2   9.7   3.7   6.0   7.4   7.2  11.0
  60      16.9  20.0  10.5  12.6  15.2  10.7   8.3   4.6   6.9   9.8   8.2  15.5
  50      17.8  22.0  15.5  20.4  13.6  10.7   8.9   6.7   6.3   9.6   5.9  11.3
  40      20.6  17.7  12.0  20.6  15.0  10.2  10.4   8.2   7.5  10.6   8.2  14.7
  30      14.5  14.3   9.3  15.0  13.0  11.9  10.2   8.1   8.8   9.5  10.7  16.9
  20       9.0   6.8   7.5  10.0   8.5   7.5   8.9   6.6  10.3   8.9   8.8  11.1
  10       4.0   7.8   7.8  14.5  10.9   7.5   5.6   5.5   5.8   5.7  10.1  10.2
