STATION CODE 101   Syowa   LOCF=0.8   HICF=1.2  (01/86 - 12/93)
PRESSURE  JAN   FEB   MAR   APR   MAY   JUN   JUL   AUG   SEP   OCT   NOV   DEC  
 
               OZONE MONTHLY MEAN OVER ALL SOUNDINGS IN MICRO-MB
1000        NA    NA    NA    NA    NA    NA    NA    NA    NA    NA    NA    NA
 900      12.3  13.4  17.9  20.9  24.5  30.8  27.5  25.0  26.4  21.6  18.8  15.9
 800      12.0  11.8  16.2  19.4  22.6  28.7  25.7  23.7  24.6  20.4  17.3  15.0
 700      11.6  10.4  14.3  17.7  20.3  26.2  23.3  22.2  22.2  18.9  15.7  13.7
 600      12.3  10.6  13.8  16.6  18.4  23.5  20.8  20.2  20.4  17.4  15.2  13.3
 500      12.2  11.0  13.3  15.4  16.1  20.4  18.0  18.1  18.4  16.0  14.4  12.7
 400      13.8  10.2  16.2  13.7  17.4  17.7  15.6  15.8  15.9  14.7  14.4  13.1
 300      26.0  23.4  21.3  16.5  22.2  15.2  13.6  14.4  14.8  15.3  19.8  17.1
 250      38.2  48.5  42.2  33.8  29.7  20.9  23.4  18.9  20.0  21.9  28.3  30.5
 200      53.7  51.0  50.3  44.3  43.7  36.8  40.7  37.5  35.5  35.1  40.8  48.1
 150      54.8  57.3  62.7  58.2  61.9  63.3  66.6  60.9  51.0  40.4  47.6  47.0
 125      62.8  71.2  77.4  77.1  91.3  79.6  88.6  73.3  56.7  38.4  46.2  47.3
 100      88.2  99.3 102.3 108.1 105.3 100.6 128.1  88.2  69.1  32.5  48.9  64.9
  90     102.8 113.4 112.8 119.6 104.7 118.9 125.1  97.6  69.8  38.4  53.5  75.5
  80     112.4 126.3 125.0 137.1 109.9 131.3 139.0 108.8  77.4  44.9  64.5  89.9
  70     124.3 134.3 133.7 139.8 134.3 138.8 150.9 114.0  81.3  47.4  76.4 104.7
  60     134.1 137.8 136.6 144.0 148.6 143.0 151.8 126.4  85.3  61.2  88.7 131.1
  50     136.7 137.9 136.6 138.9 142.2 139.3 152.1 125.2  81.7  65.0 105.0 145.9
  40     144.8 131.7 128.2 127.7 129.8 130.6 135.8 110.1  70.8  80.2 124.0 153.9
  30     128.0 127.3 109.5 104.6 108.9 109.6 108.4  89.4  67.6  89.6 126.7 142.7
  20      95.4 100.5  83.3  70.8  81.8  75.7  72.1  68.6  72.8  96.1 117.1 109.4
  10      52.8  50.3  49.3  39.4  40.2  40.7  41.6  42.5  50.8  62.2  61.4  55.7
               NUMBER OF SOUNDINGS
1000        NA    NA    NA    NA    NA    NA    NA    NA    NA    NA    NA    NA
 900         9    14    18    17     7    14    11    22    39    26    23    17
 800         9    14    18    17     7    14    11    22    39    26    23    17
 700         9    14    18    17     7    14    11    22    39    26    23    17
 600         9    14    18    17     7    14    11    22    39    26    23    17
 500         9    14    18    17     7    14    11    22    39    26    23    17
 400         9    14    18    17     6    14    11    22    39    26    23    17
 300         9    14    18    17     6    14    11    22    39    26    23    17
 250         8    14    18    17     6    14    11    22    39    25    23    17
 200         8    14    18    17     6    14    11    22    39    25    23    17
 150         8    14    18    17     6    14    11    22    39    25    23    17
 125         8    14    18    17     6    14    11    22    39    23    23    17
 100         8    14    18    17     6    14    11    22    39    24    23    17
  90         8    14    18    16     6    14    11    22    39    23    23    17
  80         8    13    18    16     6    14    11    22    39    23    23    17
  70         8    13    18    16     6    14    11    22    39    25    23    17
  60         8    13    18    16     6    14    11    22    39    25    23    17
  50         8    13    18    16     5    14    11    22    39    25    23    17
  40         8    13    18    16     5    14    10    22    38    25    23    16
  30         7    13    18    16     5    13    10    22    38    25    23    16
  20         7    12    17    13     4    12     9    21    36    23    23    15
  10         6    11    15     9     4     9     7     9    28    17    17    11
               STANDARD DEVIATION FOR EACH MONTH OVER ALL SOUNDINGS
1000        NA    NA    NA    NA    NA    NA    NA    NA    NA    NA    NA    NA
 900       3.0   3.1   8.6   2.9   2.6   7.0   4.4   3.8   3.5   3.9   3.7   3.7
 800       2.9   2.8   7.2   2.7   2.7   7.0   3.6   3.4   3.2   3.1   3.7   3.1
 700       2.9   2.9   5.6   2.7   2.7   7.2   3.0   3.0   3.4   3.3   3.6   3.2
 600       2.6   2.3   4.1   2.4   2.4   7.3   2.6   2.8   2.7   3.3   3.3   3.4
 500       2.5   2.4   3.4   2.3   2.3   7.5   2.3   2.3   2.6   2.8   2.4   3.2
 400       4.4   1.9  11.5   2.4   4.3   7.9   2.0   2.0   2.3   2.7   4.2   4.3
 300      16.6  10.8  17.0   8.8  16.6   8.7   2.3   4.0   5.0   5.4  12.4  10.5
 250      23.0  10.9  23.9  12.8  17.8  18.4   8.7  10.8   9.3  10.0  16.8  14.9
 200       7.7   7.9  19.8   6.2  20.1  19.8  13.0  16.6  14.6  13.0  20.5   9.4
 150       8.4  10.9  30.2  19.0  20.7  20.6  15.5  16.9  12.8  15.4  17.1  11.7
 125      14.0  14.4  26.2  24.4  41.6  21.4  30.9  22.9  12.6  16.0  24.7  16.7
 100      13.4   7.3  19.7  31.4  36.6  35.8  18.1  28.9  23.3  23.5  33.7  24.7
  90      12.6  11.5  19.9  32.3  48.6  37.7  19.1  28.2  24.7  26.6  36.9  29.2
  80       8.4   9.2  15.5  23.9  39.3  45.4  34.8  33.5  30.6  27.9  42.2  34.9
  70      12.6   9.7  13.0  17.5  27.2  49.4  24.9  30.9  33.3  33.0  45.1  37.1
  60      15.8  12.6  15.1  15.0  16.0  47.2  21.7  29.5  36.2  43.2  51.2  32.0
  50      15.2  12.0  19.1  14.9  18.7  40.6  19.0  30.6  37.5  45.5  53.4  30.0
  40       8.3  23.0  24.9  16.2  15.0  37.2  12.6  27.8  32.5  48.8  43.3  21.0
  30      14.6  25.0  26.2  18.3  18.7  25.5  14.5  28.4  27.3  32.8  36.5  24.3
  20       5.5  14.3  16.9  14.8  20.8  13.8   9.7  26.9  18.6  27.3  25.2  14.6
  10       3.2   6.5   9.7   4.5  10.3  11.1   5.6   7.4  14.3  12.9  14.8   5.5
