      0.08000
      0.07836
      0.07355
      0.06586
      0.05575
      0.04381
      0.03074
      0.01729
      0.00417
     -0.00792
     -0.01840
     -0.02685
     -0.03296
     -0.03662
     -0.03789
     -0.03698
     -0.03423
     -0.03008
     -0.02501
     -0.01954
     -0.01416
     -0.00929
     -0.00526
     -0.00232
     -0.00057
      0.00000
     -0.00051
     -0.00191
     -0.00393
     -0.00628
     -0.00866
     -0.01080
     -0.01247
     -0.01350
     -0.01379
     -0.01333
     -0.01218
     -0.01045
     -0.00830
     -0.00593
     -0.00354
     -0.00131
      0.00059
      0.00205
      0.00300
      0.00341
      0.00334
      0.00284
      0.00203
      0.00104
      0.00000
     -0.00096
     -0.00173
     -0.00223
     -0.00242
     -0.00229
     -0.00185
     -0.00117
     -0.00031
      0.00063
      0.00157
      0.00242
      0.00312
      0.00360
      0.00385
      0.00387
      0.00366
      0.00327
      0.00276
      0.00218
      0.00159
      0.00105
      0.00059
      0.00026
      0.00006
      0.00000
      0.00006
      0.00021
      0.00042
      0.00066
      0.00089
      0.00108
      0.00121
      0.00126
      0.00124
      0.00115
      0.00100
      0.00082
      0.00061
      0.00041
      0.00023
      0.00008
     -0.00003
     -0.00010
     -0.00013
     -0.00012
     -0.00010
     -0.00006
     -0.00003
     -0.00001
      0.00000
