STATION CODE 156   Payerne   LOCF=0.9   HICF=1.35  (01/80 - 12/93)
PRESSURE  JAN   FEB   MAR   APR   MAY   JUN   JUL   AUG   SEP   OCT   NOV   DEC  
 
               OZONE MONTHLY MEAN OVER ALL SOUNDINGS IN MICRO-MB
1000        NA    NA    NA    NA    NA    NA    NA    NA    NA    NA    NA    NA
 900        NA    NA    NA    NA    NA    NA    NA    NA    NA    NA    NA    NA
 800        NA    NA    NA    NA    NA    NA    NA    NA    NA    NA    NA    NA
 700        NA    NA    NA    NA    NA    NA    NA    NA    NA    NA    NA    NA
 600        NA    NA    NA    NA    NA    NA    NA    NA    NA    NA    NA    NA
 500        NA    NA    NA    NA    NA    NA    NA    NA    NA    NA    NA    NA
 400        NA    NA    NA    NA    NA    NA    NA    NA    NA    NA    NA    NA
 300      19.9  21.7  29.2  30.3  31.1  28.2  28.8  26.0  21.5  17.5  18.4  16.3
 250      25.8  33.2  42.8  47.6  42.7  34.3  33.5  26.2  23.3  18.9  23.1  20.2
 200      41.4  55.7  68.8  75.4  71.8  55.7  43.9  33.3  27.1  24.2  30.1  29.6
 150      58.6  74.0  74.2  81.5  77.0  63.5  47.4  37.1  32.4  32.4  41.4  41.3
 125      65.5  78.7  78.8  79.6  79.0  66.3  49.9  45.5  40.2  41.9  48.2  52.0
 100      77.0  90.6  94.9  93.6  90.0  75.5  61.6  58.7  55.0  60.2  63.1  68.1
  90      88.4  99.6 102.1 100.4  95.4  78.9  67.9  64.7  65.7  68.9  73.8  76.4
  80      98.2 106.8 113.0 108.3 102.5  85.6  77.9  73.3  76.1  79.1  83.5  84.9
  70     111.9 123.9 124.6 123.4 112.0  97.1  88.7  84.7  86.7  89.6  95.5  98.0
  60     123.8 139.1 140.8 133.6 119.4 107.4  99.4  98.5  98.7 100.9 105.3 110.7
  50     137.4 150.2 149.5 142.6 130.0 119.3 114.5 111.4 108.6 109.3 113.5 124.3
  40     143.9 153.1 152.3 144.4 135.8 128.7 123.3 118.8 116.1 115.4 120.7 135.0
  30     138.8 144.2 138.6 134.4 128.6 127.9 125.9 126.9 121.0 117.7 122.9 134.2
  20     109.3 112.0 108.5 108.1 112.1 117.9 118.5 119.4 110.4 104.9 103.7 110.5
  10      57.4  63.0  66.9  68.6  73.4  75.1  74.0  72.2  67.4  62.8  56.1  56.1
               NUMBER OF SOUNDINGS
1000        NA    NA    NA    NA    NA    NA    NA    NA    NA    NA    NA    NA
 900        NA    NA    NA    NA    NA    NA    NA    NA    NA    NA    NA    NA
 800        NA    NA    NA    NA    NA    NA    NA    NA    NA    NA    NA    NA
 700        NA    NA    NA    NA    NA    NA    NA    NA    NA    NA    NA    NA
 600        NA    NA    NA    NA    NA    NA    NA    NA    NA    NA    NA    NA
 500        NA    NA    NA    NA    NA    NA    NA    NA    NA    NA    NA    NA
 400        NA    NA    NA    NA    NA    NA    NA    NA    NA    NA    NA    NA
 300       129   119   128   124   127   128   132   124   132   124   128   125
 250       129   119   128   124   127   128   132   124   132   124   128   125
 200       129   119   128   124   127   128   131   124   132   124   128   125
 150       129   119   128   124   126   128   131   124   132   124   128   125
 125       129   119   128   124   126   128   131   124   132   124   128   125
 100       129   119   128   124   126   128   131   124   132   124   128   125
  90       129   119   128   124   126   128   131   124   132   123   127   125
  80       129   119   128   124   126   127   131   124   132   123   127   125
  70       129   119   127   124   126   127   131   124   132   123   126   124
  60       129   119   125   123   126   126   131   124   131   122   126   124
  50       129   119   125   123   126   125   131   123   130   121   123   124
  40       127   118   125   122   124   124   131   123   129   120   123   124
  30       127   118   123   120   122   123   130   121   128   117   119   124
  20       119   113   120   115   115   121   127   119   124   114   115   118
  10        93    77    93    97    95    95    91    88    93    90    85    76
               STANDARD DEVIATION FOR EACH MONTH OVER ALL SOUNDINGS
1000        NA    NA    NA    NA    NA    NA    NA    NA    NA    NA    NA    NA
 900        NA    NA    NA    NA    NA    NA    NA    NA    NA    NA    NA    NA
 800        NA    NA    NA    NA    NA    NA    NA    NA    NA    NA    NA    NA
 700        NA    NA    NA    NA    NA    NA    NA    NA    NA    NA    NA    NA
 600        NA    NA    NA    NA    NA    NA    NA    NA    NA    NA    NA    NA
 500        NA    NA    NA    NA    NA    NA    NA    NA    NA    NA    NA    NA
 400        NA    NA    NA    NA    NA    NA    NA    NA    NA    NA    NA    NA
 300      14.4  14.0  20.3  20.0  18.0  14.9  13.6  12.1  11.0   8.8   9.3   8.0
 250      21.1  26.9  31.5  33.5  28.6  24.1  20.4  14.7  16.3  11.9  14.5  13.8
 200      28.4  35.2  35.4  31.8  29.0  27.6  23.3  18.4  15.7  15.2  16.8  19.9
 150      30.2  38.7  34.3  28.6  25.5  18.8  19.9  14.6  15.1  16.2  22.0  22.9
 125      35.8  44.0  41.1  31.0  26.8  19.0  16.1  14.0  15.1  19.2  24.5  30.3
 100      34.1  42.6  40.6  33.6  23.8  16.9  16.5  12.7  14.9  19.3  24.3  33.0
  90      37.5  43.0  39.0  31.7  25.6  17.1  15.9  12.1  14.7  19.2  24.6  33.5
  80      34.2  40.4  37.4  29.8  25.8  17.8  16.4  12.3  14.4  18.0  22.9  29.5
  70      33.5  39.5  36.3  28.4  25.1  17.1  13.8  12.0  13.3  18.2  22.5  26.5
  60      30.6  35.5  31.9  25.9  21.4  14.2   9.3  10.8  11.9  15.3  19.9  23.4
  50      27.4  32.9  25.4  17.9  16.6   9.9   9.3   9.1   9.2  11.6  16.8  22.5
  40      22.1  24.8  18.1  12.1  11.5   9.0  10.4  10.8  10.7  10.8  14.3  21.9
  30      16.2  15.7  12.5   9.0  10.7  10.0  11.7  11.0  12.4  10.4  11.6  16.8
  20      14.8  12.8  11.6   9.4  10.9   7.9   8.4   8.7  11.3  11.0  11.0  13.3
  10       9.7  10.6  10.3   8.2   8.3   7.9   7.2   9.4   8.1   8.4   9.1  10.9
