STATION CODE 26   Asp_Laverton   LOCF=0.8   HICF=1.35  (01/80 - 12/95)
PRESSURE  JAN   FEB   MAR   APR   MAY   JUN   JUL   AUG   SEP   OCT   NOV   DEC  
 
               OZONE MONTHLY MEAN OVER ALL SOUNDINGS IN MICRO-MB
1000      24.9  25.5  23.9  24.0  18.9  22.5  21.6  24.5  22.7  27.3  28.6  25.6
 900      25.1  21.4  20.5  24.8  22.2  25.5  24.7  25.1  25.1  26.8  24.4  24.0
 800      21.9  19.1  19.6  23.0  22.5  26.3  25.4  25.0  24.7  25.8  22.3  22.0
 700      20.1  18.7  19.7  21.5  21.4  25.1  25.0  24.3  25.3  24.7  21.2  22.1
 600      18.3  17.6  17.4  20.1  19.3  22.3  22.6  23.3  24.9  24.0  21.8  21.6
 500      18.6  16.2  15.3  18.2  16.9  19.4  19.4  20.7  21.4  22.2  21.5  22.1
 400      16.0  15.3  13.9  15.8  14.0  16.1  17.4  18.6  18.7  20.8  19.2  22.7
 300      14.5  11.4  12.6  14.2  12.3  14.5  17.6  22.6  18.4  20.8  18.4  20.4
 250      13.8  12.0  13.5  14.5  17.1  18.3  22.9  30.5  24.4  30.9  21.4  20.5
 200      18.8  15.2  17.1  19.8  23.6  33.4  38.1  43.9  43.6  38.0  30.3  27.4
 150      20.0  16.0  18.0  22.7  29.9  41.8  46.2  49.1  42.0  38.0  33.1  30.4
 125      22.1  22.0  19.4  30.4  38.5  47.5  47.2  53.7  49.5  44.8  38.5  33.5
 100      28.8  28.2  29.7  43.1  49.6  54.4  59.7  68.4  66.4  62.3  54.8  43.8
  90      38.9  36.5  34.0  52.8  62.1  60.3  70.7  75.8  81.2  73.8  67.0  50.7
  80      47.8  48.2  43.2  62.5  76.1  78.4  80.8  87.6  93.1  89.7  78.9  61.0
  70      62.2  62.9  62.2  75.0  88.0  92.9  92.2 111.1 111.6 109.3  95.2  77.2
  60      81.9  76.4  79.9  91.2 100.7 106.3 108.4 134.3 131.8 132.2 119.6  93.8
  50     104.4  92.2  99.2 104.6 115.2 121.9 131.1 149.8 147.8 147.0 136.2 109.4
  40     118.2 110.0 112.8 120.1 129.5 137.0 150.9 157.8 161.1 159.4 144.4 126.0
  30     129.5 122.0 128.0 131.6 141.0 146.6 151.8 158.2 155.2 154.4 145.8 134.2
  20     131.8 131.3 128.9 123.5 128.4 125.7 126.6 128.3 131.7 131.8 131.4 128.3
  10      82.5  86.6  76.6  70.0  73.1  71.3  66.6  70.3  71.8  76.3  77.5  85.9
               NUMBER OF SOUNDINGS
1000        11    21    22    22    21    26    24    29    25    26    24    19
 900        12    22    23    23    22    26    27    32    26    27    24    19
 800        12    22    23    23    22    26    27    32    27    27    24    19
 700        12    22    23    23    22    26    27    32    27    28    24    19
 600        12    22    23    23    22    26    27    32    27    28    24    19
 500        12    22    23    23    22    26    27    32    27    28    24    19
 400        12    22    23    23    21    26    27    32    27    28    24    19
 300        12    22    23    23    21    26    27    32    27    28    24    19
 250        12    21    23    23    21    26    27    32    27    28    24    19
 200        12    22    22    23    22    26    27    32    27    28    24    19
 150        12    22    23    23    22    26    27    32    27    28    24    19
 125        12    22    22    23    22    26    27    32    27    28    24    19
 100        12    22    23    23    22    26    27    32    27    28    24    19
  90        12    22    23    23    22    26    27    32    27    28    24    19
  80        12    22    23    23    22    26    27    32    27    28    24    19
  70        12    22    23    23    22    26    27    32    27    28    24    19
  60        12    21    23    23    22    26    27    32    27    28    24    19
  50        12    21    23    23    22    26    27    32    27    28    24    19
  40        12    21    23    23    22    26    27    32    26    28    24    19
  30        12    21    23    23    22    26    26    32    26    28    24    19
  20        12    20    23    23    22    26    25    31    26    28    24    19
  10         6    17    20    19    18    21    19    24    25    23    21    17
               STANDARD DEVIATION FOR EACH MONTH OVER ALL SOUNDINGS
1000      12.7  24.3  20.4   8.6   7.7   8.5   9.3   7.8   7.9  10.5  27.1  13.9
 900      15.7  12.5   9.0   6.5   6.6   6.7   6.5   7.0   6.2   6.8  11.8   7.7
 800      10.4   9.0   6.0   5.6   4.8   5.7   5.7   7.2   6.4   6.7   7.8   6.4
 700       4.6   6.5   5.5   4.1   5.2   5.2   5.8   7.1   6.2   7.5   5.8   6.0
 600       4.5   6.6   4.5   4.5   5.0   6.0   5.1   7.0   6.7   7.3   6.2   6.3
 500       6.4   5.8   5.4   4.5   5.1   5.5   4.7   5.8   5.9   6.0   6.1   6.7
 400       4.9   7.6   3.7   3.6   4.1   5.6   4.5   6.0   5.5   5.1   4.9   8.5
 300       7.1   5.4   5.6   9.4   3.8   6.2   9.3  17.1   8.3  13.1   6.4  10.0
 250       7.7   8.8  10.5  11.0  13.5  10.1  16.7  18.8  13.9  21.3  10.3  12.3
 200       8.3  10.8  11.2  11.0  16.5  15.6  20.6  20.3  18.8  18.2  15.5  12.8
 150       9.6   7.3  11.9  11.0  16.9  21.4  19.8  21.1  18.3  15.1  12.7  10.4
 125       8.7   9.4  10.8  16.9  24.1  27.5  21.7  24.4  18.2  17.5  18.2  12.3
 100       8.0  10.4  16.4  22.2  28.2  25.3  24.2  28.7  20.0  26.9  16.8  15.3
  90      11.8  11.9   9.9  24.7  36.2  24.9  24.5  24.1  19.0  19.6  16.5  12.3
  80      13.4  12.5  11.7  19.7  32.1  28.7  23.5  29.3  24.0  24.5  13.5  12.1
  70      14.6  13.5  13.8  19.1  27.7  22.5  26.6  26.7  21.8  24.2  14.5  15.0
  60      10.2  14.3  12.2  16.5  17.2  23.6  25.1  29.3  22.8  22.5  14.0  15.4
  50      13.3  13.5  12.4  12.0  19.2  23.6  24.7  28.2  22.5  20.4  14.7  14.2
  40      12.2  13.4   9.3  11.5  18.2  22.4  22.2  27.0  13.1  13.4  12.0  12.7
  30      12.6  17.2   9.8  14.0  14.4  14.4  14.4  13.8   7.6  13.4   8.7   8.8
  20      11.8   9.7  11.4  11.3  13.0  13.3   9.7  14.8  12.1  11.0   9.7  10.4
  10       8.2  11.6   9.7   9.9   9.2  13.2  11.9   9.4   6.3  10.0  11.5  10.5
