STATION CODE 14   Tateno   LOCF=0.8   HICF=1.2  (01/80 - 12/95)
PRESSURE  JAN   FEB   MAR   APR   MAY   JUN   JUL   AUG   SEP   OCT   NOV   DEC  
 
               OZONE MONTHLY MEAN OVER ALL SOUNDINGS IN MICRO-MB
1000      31.2  35.2  43.1  52.6  54.4  59.9  52.7  47.6  45.1  38.5  37.5  30.7
 900      32.5  35.4  44.9  56.3  57.3  64.2  67.4  53.5  49.7  41.9  39.3  33.3
 800      32.2  34.3  41.8  51.0  49.7  54.7  41.7  38.2  42.6  39.2  36.3  33.1
 700      29.8  31.4  36.4  43.3  43.4  47.0  34.3  31.6  38.0  34.0  32.3  30.2
 600      27.4  28.4  31.8  36.9  39.3  43.2  33.5  30.1  33.5  31.5  29.0  27.1
 500      23.9  25.6  27.7  31.5  36.0  39.1  32.9  27.7  27.9  27.9  24.8  23.3
 400      21.6  23.8  26.4  28.1  32.2  33.7  27.3  26.2  22.6  22.8  20.8  20.4
 300      25.7  31.9  28.6  29.7  27.6  25.7  19.6  19.3  17.4  19.4  19.1  20.4
 250      36.4  43.8  37.7  34.4  29.0  20.2  17.2  14.9  15.4  19.6  20.5  23.7
 200      35.1  50.0  50.8  42.3  33.0  21.3  16.0  12.7  13.3  19.0  22.3  26.7
 150      35.6  52.5  51.8  50.2  40.7  30.6  19.5  13.2  11.7  17.6  21.6  28.9
 125      39.5  49.9  51.0  47.4  43.7  36.9  19.9  15.8  13.3  19.4  25.2  33.2
 100      56.6  56.3  64.0  48.8  48.9  35.8  26.5  20.5  20.3  25.5  35.5  44.9
  90      66.4  64.3  75.2  56.7  56.8  44.5  38.0  26.5  27.1  31.8  43.7  54.3
  80      78.7  79.2  85.7  68.1  70.6  55.6  47.7  38.2  37.2  40.3  53.2  65.5
  70      91.9  94.8  97.4  83.7  84.9  70.4  65.2  51.5  51.7  55.0  63.4  77.5
  60     110.9 115.9 120.4 105.5 104.7  97.7  88.2  71.5  73.4  74.8  79.3  91.9
  50     126.7 134.8 137.0 125.3 124.7 120.5 108.3  92.5  96.5  93.9  96.5 106.1
  40     139.3 147.2 150.2 142.2 141.4 135.5 125.3 112.1 117.6 114.0 112.6 120.9
  30     142.1 145.0 150.3 147.1 148.9 146.8 141.2 132.9 136.4 133.2 129.4 135.6
  20     126.3 124.3 129.0 133.7 137.5 137.0 137.4 135.0 134.9 129.4 123.4 125.8
  10      64.9  69.6  73.2  79.8  83.1  82.3  83.6  84.0  77.4  71.9  72.8  70.7
               NUMBER OF SOUNDINGS
1000        51    37    38    36    36    19    19    16    37    39    43    47
 900        52    42    40    40    38    20    23    18    37    39    46    49
 800        52    42    40    40    38    20    23    18    37    39    46    49
 700        52    42    40    40    38    20    23    18    37    39    46    49
 600        52    42    40    40    38    20    23    18    37    39    46    49
 500        52    42    40    40    38    20    23    18    37    39    46    49
 400        52    42    40    40    38    20    23    18    37    39    46    49
 300        52    42    40    40    38    20    23    18    37    39    46    49
 250        52    42    40    40    38    20    23    18    37    39    46    49
 200        52    42    40    40    38    20    23    18    37    39    46    49
 150        52    42    40    40    38    20    23    18    37    39    46    49
 125        52    42    40    40    38    20    23    18    37    39    46    49
 100        52    42    40    40    38    19    23    18    37    39    46    49
  90        52    42    40    40    38    19    23    18    37    39    46    49
  80        52    42    40    40    38    19    23    18    37    39    46    49
  70        52    42    40    40    38    19    23    18    37    39    46    49
  60        52    42    40    40    38    19    23    18    37    39    46    49
  50        52    42    40    40    38    19    23    18    37    39    46    49
  40        52    42    40    40    38    19    23    18    37    39    46    49
  30        52    42    40    40    38    19    23    18    37    39    46    49
  20        49    40    37    38    37    18    22    18    37    38    44    48
  10        41    36    33    35    34    16    16    13    31    36    39    39
               STANDARD DEVIATION FOR EACH MONTH OVER ALL SOUNDINGS
1000       7.3   8.9  10.7  15.6  18.5  18.2  31.7  30.2  16.6   9.1  14.7   7.7
 900       5.0   5.4   9.8  15.0  15.2  16.3  33.1  30.8  18.0   6.5  10.1   4.6
 800       4.3   4.6   6.1   7.0   8.0  12.2  14.3  19.0  11.5   5.9   5.3   3.6
 700       3.9   3.6   4.5   5.7   7.6   8.8  12.9  15.5  10.1   6.0   3.6   3.0
 600       3.7   4.2   4.1   6.2   6.2   9.2  13.5  12.9   8.0   6.7   3.5   3.0
 500       3.3   4.4   4.4   5.6   7.1   9.3  11.6  10.4   9.0   5.7   2.9   3.3
 400       5.6   5.7  10.6   9.5   8.7   8.8   8.0  13.2   8.0   5.7   2.6   3.5
 300      11.3  20.1  18.9  23.2  10.7  11.0   7.1   6.8   4.9   5.5   4.7   6.5
 250      18.9  24.5  25.4  24.9  20.6   9.0   7.1   6.1   4.6   7.2   7.8   9.8
 200      18.7  32.2  28.3  28.1  25.2  13.0   9.5   5.4   5.3   6.8  10.9  13.9
 150      24.2  34.4  30.1  21.9  19.5  15.9  15.1   8.1   5.2   8.2  12.0  19.3
 125      22.0  29.8  32.1  22.1  18.7  17.6  11.6   9.6   5.8  10.5  13.6  27.4
 100      22.9  28.4  33.1  21.4  20.3  12.7   8.6   7.4   8.8  11.8  19.7  26.9
  90      26.7  27.9  37.3  18.5  23.7  15.6  12.5   7.5   8.8  10.1  21.9  30.9
  80      29.8  33.8  37.9  23.0  25.2  15.6  10.7   8.8   8.2   7.4  22.9  30.9
  70      26.1  30.4  36.4  25.1  24.9  16.3  12.1  11.0   8.7  10.9  21.9  29.3
  60      28.0  29.5  35.6  21.7  19.7  12.3  10.5  10.6  10.5  11.3  20.4  25.4
  50      29.1  26.0  30.4  19.1  16.5  11.3   9.0  10.0  11.0  10.8  21.2  25.3
  40      28.8  20.0  21.7  14.5   9.3   8.4   8.3  10.4  10.7   9.3  20.3  25.1
  30      19.8  13.7  11.4   9.7   8.5   7.5   6.8  11.4  11.5   9.8  15.8  17.5
  20       9.6  10.4  10.9   9.1   9.7   8.7   7.6   5.8   8.0  10.4  10.3  10.2
  10       7.4   6.6  11.2   9.8   7.9   6.1   6.3   6.1  10.0   5.7  11.5   9.0
