STATION CODE 77   Churchill   LOCF=0.8   HICF=1.2  (01/80 - 12/93)
PRESSURE  JAN   FEB   MAR   APR   MAY   JUN   JUL   AUG   SEP   OCT   NOV   DEC  
 
               OZONE MONTHLY MEAN OVER ALL SOUNDINGS IN MICRO-MB
1000      28.6  29.5  30.7  30.6  30.5  24.9  21.4  21.0  21.7  27.6  30.5  30.0
 900      31.3  31.4  34.1  37.5  37.0  31.6  27.2  27.1  26.1  29.6  30.8  30.7
 800      30.9  31.5  33.8  38.6  41.0  34.7  29.4  30.9  28.6  30.8  30.3  30.6
 700      28.9  29.8  32.2  36.4  39.8  35.6  31.2  34.1  29.5  30.8  29.6  28.6
 600      25.9  27.2  29.3  33.7  37.1  35.3  30.8  32.5  29.2  29.3  26.8  26.3
 500      23.4  24.6  26.5  29.2  32.6  32.6  31.4  29.9  27.4  27.1  23.6  22.9
 400      21.8  22.4  24.9  27.7  29.0  29.7  28.0  27.4  25.8  23.6  22.3  21.3
 300      32.6  36.6  38.6  39.4  40.9  39.6  29.4  25.7  28.2  28.9  24.7  30.3
 250      56.1  64.6  76.2  67.8  68.0  55.5  41.4  35.8  39.4  42.4  34.0  46.7
 200      88.3 103.9 113.2  97.0 100.3  81.7  71.2  51.0  50.9  51.9  49.8  72.6
 150     117.8 112.7 122.6 105.7  99.6  79.8  71.1  55.5  55.4  59.0  70.3 103.4
 125     139.6 124.2 120.5 105.3 102.0  75.2  73.4  62.9  63.1  72.3  89.0 116.4
 100     159.7 155.9 136.0 130.7 111.5  94.1  91.2  80.2  85.2  90.9 108.5 131.6
  90     162.4 165.3 143.5 137.3 119.4 103.2  99.1  90.7  97.2 103.4 120.7 142.9
  80     174.9 179.6 160.4 152.2 133.2 118.9 108.3 101.8 107.8 112.0 126.9 146.9
  70     178.0 186.3 174.6 167.5 149.3 129.4 118.9 113.4 121.5 119.4 130.4 152.1
  60     182.9 194.0 184.3 175.6 152.2 139.2 128.6 123.2 126.7 124.3 135.7 155.2
  50     175.4 195.9 189.4 179.3 155.8 140.7 133.0 124.4 126.6 128.4 143.4 161.8
  40     169.8 191.8 180.4 169.4 151.0 137.0 130.8 124.4 121.8 129.7 143.8 158.3
  30     152.2 168.2 156.9 145.8 133.5 125.3 124.8 111.6 112.4 124.1 138.6 151.8
  20     121.5 122.3 120.7 107.3 107.1 108.4 110.2 104.8  98.0 104.9 112.9 123.8
  10      75.0  69.0  69.6  65.9  69.8  70.2  69.1  65.2  62.4  58.8  55.7  64.8
               NUMBER OF SOUNDINGS
1000        38    45    48    39    42    43    47    42    41    33    25    32
 900        43    48    50    40    42    47    50    45    48    38    30    34
 800        43    48    50    40    42    47    50    45    48    38    30    34
 700        43    48    50    40    42    47    50    45    48    38    30    34
 600        43    48    50    40    42    47    50    45    48    38    30    33
 500        43    48    50    40    42    47    50    45    48    38    30    34
 400        43    48    50    40    42    47    50    45    48    38    30    34
 300        43    48    50    40    42    47    50    45    48    38    30    34
 250        43    48    50    40    42    47    50    45    48    38    30    34
 200        43    48    50    40    42    47    50    45    48    38    30    34
 150        43    48    50    40    42    47    50    45    48    38    30    34
 125        43    48    50    40    42    47    50    45    48    38    30    34
 100        43    48    50    40    42    47    50    45    48    38    30    34
  90        43    46    50    40    42    47    50    45    48    38    30    34
  80        42    44    50    40    42    47    50    45    48    38    30    34
  70        41    42    50    40    42    47    49    45    48    38    30    33
  60        38    40    49    40    42    47    49    45    48    37    29    32
  50        38    37    47    40    41    47    49    45    48    37    28    30
  40        36    34    47    40    41    47    49    45    48    36    27    29
  30        30    32    46    40    41    43    44    44    48    34    27    26
  20        22    30    41    38    39    43    41    40    45    34    22    23
  10        12    11    33    28    32    35    32    29    37    27    11     6
               STANDARD DEVIATION FOR EACH MONTH OVER ALL SOUNDINGS
1000       8.6   5.9   7.4  10.4  11.4   6.4   8.2   7.6   6.8   6.7   6.6   6.3
 900       7.1   5.6   7.9   8.9   9.8   6.4   8.0   9.1   6.5   6.4   6.4   7.3
 800       4.6   6.2   7.2   7.6   7.4   5.9   6.9   8.5   6.9   6.4   5.2   5.5
 700       4.8   5.6   6.0   6.7   6.9   7.1   7.2   8.9   6.4   5.9   4.9   5.5
 600       3.9   5.6   5.9   6.5   6.3   6.7   7.3   8.0   7.1   5.1   4.7   4.5
 500       4.0   6.4   6.0   6.8   6.2   7.1   7.4  12.5   7.9   5.4   4.0   5.1
 400       4.5   7.8  11.8  12.6   8.7  12.4   8.7  11.7   9.6   6.7   9.4   6.1
 300      17.9  22.3  29.0  29.7  33.6  30.3  22.2  13.7  13.4  16.5  15.3  17.3
 250      24.9  32.9  39.5  51.3  49.3  41.9  32.6  24.3  22.2  20.2  17.9  23.7
 200      28.1  43.1  39.0  40.1  38.6  33.8  25.1  22.0  19.5  18.1  19.4  25.3
 150      41.3  49.1  50.0  43.7  35.5  27.9  17.4  18.6  18.5  21.9  24.3  44.7
 125      52.5  56.8  50.1  38.5  41.7  27.6  16.1  15.9  21.7  27.5  31.9  54.8
 100      50.6  52.9  54.7  43.8  41.2  24.8  17.6  15.7  22.5  25.7  32.2  49.1
  90      47.3  51.9  52.1  40.8  35.1  20.6  17.4  14.3  22.8  25.0  32.7  44.5
  80      45.0  46.4  45.0  48.2  30.8  22.4  16.0  14.9  20.6  24.0  30.2  41.8
  70      42.8  43.4  38.7  40.2  29.0  19.3  15.5  12.8  18.5  19.9  24.3  41.3
  60      40.9  38.0  37.4  33.8  22.1  19.4  15.6  13.3  18.5  16.0  19.0  37.5
  50      39.0  37.5  26.2  29.2  18.4  17.9  15.4  16.5  15.1  10.7  21.1  31.5
  40      37.1  28.0  17.6  22.1  15.3  14.5  16.6  19.6  18.7  13.1  20.9  32.4
  30      32.1  22.6  12.4  20.3  14.7  15.2  17.4  20.2  25.7  16.8  21.2  32.5
  20      31.9  21.1  13.8  14.5  13.1  15.0  15.7  11.5  20.9  19.0  22.2  18.9
  10      24.4  14.9  10.5  15.7  12.0  12.7   7.0   9.4  11.4  11.8  12.9  10.0
