STATION CODE 221   Legionowo   LOCF=0.8   HICF=1.35  (01/80 - 12/93)
PRESSURE  JAN   FEB   MAR   APR   MAY   JUN   JUL   AUG   SEP   OCT   NOV   DEC  
 
               OZONE MONTHLY MEAN OVER ALL SOUNDINGS IN MICRO-MB
1000        NA    NA    NA    NA    NA    NA    NA    NA    NA    NA    NA    NA
 900        NA    NA    NA    NA    NA    NA    NA    NA    NA    NA    NA    NA
 800        NA    NA    NA    NA    NA    NA    NA    NA    NA    NA    NA    NA
 700        NA    NA    NA    NA    NA    NA    NA    NA    NA    NA    NA    NA
 600        NA    NA    NA    NA    NA    NA    NA    NA    NA    NA    NA    NA
 500        NA    NA    NA    NA    NA    NA    NA    NA    NA    NA    NA    NA
 400        NA    NA    NA    NA    NA    NA    NA    NA    NA    NA    NA    NA
 300      25.6  32.3  30.8  37.6  38.3  35.2  34.9  29.0  29.4  26.8  18.9  25.1
 250      34.3  44.3  45.0  58.3  51.0  38.3  47.9  33.6  34.7  26.6  20.7  35.4
 200      55.5  58.9  71.2  89.6  86.7  71.3  65.9  43.1  42.2  31.9  32.2  46.6
 150      71.4  84.1  94.5  92.6  90.1  78.3  65.5  46.0  49.5  44.3  38.5  53.5
 125      78.9  83.5 107.5  96.8  88.8  78.9  67.1  53.1  57.2  51.6  46.3  62.8
 100      94.4 104.7 101.1 104.0  95.8  81.6  79.3  66.7  69.7  60.2  60.7  82.0
  90     105.7 113.8 114.4 120.6 100.8  89.1  83.0  70.9  78.5  67.8  66.5  94.5
  80     117.8 125.0 125.8 130.0 112.1 107.8  92.8  83.8  89.8  78.1  79.1 106.4
  70     127.1 136.5 143.3 143.3 119.5 120.6 101.6  95.9  98.6  92.3  93.5 112.9
  60     135.3 145.5 152.0 154.7 131.6 125.4 114.4 105.2 106.4 111.8  99.9 121.5
  50     134.8 152.6 165.5 158.7 141.0 133.2 127.3 117.4 112.2 116.8 107.9 129.8
  40     139.9 157.5 162.7 151.1 145.7 138.0 134.8 120.8 118.9 118.6 111.7 127.9
  30     128.7 146.3 142.5 135.6 135.8 130.0 131.0 119.1 114.7 113.8 112.4 114.7
  20      96.3 109.1 114.0 105.7 117.3 115.9 123.4 119.3 100.2 103.0  97.8  84.4
  10      39.4  54.3  66.2  60.6  73.6  72.7  75.8  68.3  60.7  66.4  53.6  40.3
               NUMBER OF SOUNDINGS
1000        NA    NA    NA    NA    NA    NA    NA    NA    NA    NA    NA    NA
 900        NA    NA    NA    NA    NA    NA    NA    NA    NA    NA    NA    NA
 800        NA    NA    NA    NA    NA    NA    NA    NA    NA    NA    NA    NA
 700        NA    NA    NA    NA    NA    NA    NA    NA    NA    NA    NA    NA
 600        NA    NA    NA    NA    NA    NA    NA    NA    NA    NA    NA    NA
 500        NA    NA    NA    NA    NA    NA    NA    NA    NA    NA    NA    NA
 400        NA    NA    NA    NA    NA    NA    NA    NA    NA    NA    NA    NA
 300        26    20    25    26    23    14    19    16    20    12    17    17
 250        26    20    25    26    23    14    19    16    20    12    17    17
 200        26    20    25    26    23    14    19    16    20    12    17    17
 150        26    20    25    26    23    14    19    16    20    12    17    17
 125        26    20    25    26    23    14    19    16    20    12    17    17
 100        26    20    25    26    23    14    19    16    20    12    17    17
  90        26    20    25    26    23    14    19    16    20    12    17    17
  80        26    20    25    26    23    14    19    16    20    12    17    17
  70        26    20    25    26    23    14    19    16    20    12    17    17
  60        26    20    25    26    23    14    19    16    20    12    17    17
  50        24    20    23    26    22    13    19    16    20    12    17    17
  40        23    17    21    26    21    12    17    16    18    12    16    17
  30        18    14    19    22    21    12    17    14    18    12    14    15
  20        15    10    14    20    21    12    17    13    16     8     9    11
  10        10     5     7    12    11     5     6     5    11     3     7     6
               STANDARD DEVIATION FOR EACH MONTH OVER ALL SOUNDINGS
1000        NA    NA    NA    NA    NA    NA    NA    NA    NA    NA    NA    NA
 900        NA    NA    NA    NA    NA    NA    NA    NA    NA    NA    NA    NA
 800        NA    NA    NA    NA    NA    NA    NA    NA    NA    NA    NA    NA
 700        NA    NA    NA    NA    NA    NA    NA    NA    NA    NA    NA    NA
 600        NA    NA    NA    NA    NA    NA    NA    NA    NA    NA    NA    NA
 500        NA    NA    NA    NA    NA    NA    NA    NA    NA    NA    NA    NA
 400        NA    NA    NA    NA    NA    NA    NA    NA    NA    NA    NA    NA
 300      15.4  22.5  18.7  21.6  30.6  15.3  11.4   9.9  16.4   9.9   7.0  14.8
 250      20.9  31.8  35.6  36.2  39.5  28.2  24.9  16.2  18.9  12.8  10.8  18.2
 200      31.8  30.6  35.0  39.0  37.3  26.5  26.4  17.2  21.9  14.3  12.6  19.8
 150      35.3  45.3  44.9  34.5  38.2  28.5  18.9  15.2  17.1  19.0  14.5  25.8
 125      36.6  37.4  54.4  50.3  33.4  17.2  16.9  12.9  19.7  18.5  19.4  31.5
 100      45.0  42.8  53.8  41.9  31.7  27.1  21.7  13.3  21.3  13.4  24.1  39.1
  90      42.5  44.3  56.0  42.2  38.0  26.0  22.0  16.6  23.2  11.4  22.2  41.0
  80      47.1  36.1  56.0  42.4  36.7  26.0  22.0  16.5  22.8  14.4  22.2  38.5
  70      44.6  38.9  49.3  37.1  28.1  24.9  18.3  19.7  22.3  18.6  22.2  37.0
  60      36.3  39.6  41.9  31.0  25.6  19.7  16.2  16.4  22.9  14.6  19.7  28.1
  50      26.2  33.4  31.7  29.6  23.1  10.3  15.5  12.9  21.4  10.6  18.7  24.9
  40      25.3  23.0  25.0  26.2  21.4   8.6  12.4  12.6  17.0   8.4  19.4  24.7
  30      24.6  14.3  25.9  23.5  21.3   8.7  15.2  17.8  18.9  14.6  21.9  26.8
  20      25.0  15.8  21.1  22.6  21.7   8.1  22.2  16.4  15.8  16.5  12.9  29.9
  10      13.0  10.5  12.1  17.3  17.8   1.1  10.9   4.2  12.3  11.5  13.6  17.9
