STATION CODE 107   Wallops_Island   LOCF=0.8   HICF=1.2  (01/80 - 12/93)
PRESSURE  JAN   FEB   MAR   APR   MAY   JUN   JUL   AUG   SEP   OCT   NOV   DEC  
 
               OZONE MONTHLY MEAN OVER ALL SOUNDINGS IN MICRO-MB
1000      19.0  25.1  36.0  47.0  54.6  53.3  58.3  56.5  47.7  36.8  27.8  22.5
 900      28.0  34.9  40.5  49.5  56.3  58.0  61.1  58.3  50.0  41.0  34.9  31.7
 800      31.3  37.7  41.1  47.1  52.2  55.6  53.4  52.5  44.3  39.6  36.0  35.4
 700      30.8  33.9  37.1  43.1  47.7  47.1  46.9  46.3  39.2  35.6  31.6  32.0
 600      27.5  30.1  32.5  37.7  41.3  39.2  39.8  41.2  32.3  30.2  27.9  28.4
 500      23.4  26.4  28.0  33.7  34.8  35.5  36.2  35.0  26.4  24.8  24.0  24.3
 400      22.4  24.3  25.1  28.2  31.6  33.6  32.0  32.4  21.6  21.3  20.2  19.7
 300      24.2  29.4  25.7  28.2  28.9  29.3  29.7  27.5  19.2  17.7  17.5  17.0
 250      27.6  36.5  34.7  35.1  31.7  33.2  29.5  25.1  16.5  16.9  17.6  17.2
 200      30.7  48.1  54.6  53.5  40.1  37.2  26.5  21.9  15.0  18.6  19.0  22.2
 150      35.1  54.5  63.7  57.4  54.5  46.8  24.5  21.2  17.6  23.4  22.8  29.3
 125      37.6  48.9  60.3  61.6  54.0  44.9  31.9  24.5  22.9  29.4  26.6  30.1
 100      48.7  60.7  76.8  62.3  71.5  51.7  46.6  40.0  36.6  39.6  39.6  45.2
  90      63.1  68.2  89.7  80.7  71.3  60.8  56.5  48.5  47.8  50.0  49.7  50.2
  80      80.6  83.1  93.8  92.4  79.7  75.0  69.2  61.5  62.0  61.0  62.1  62.1
  70      95.0  98.7 105.8 104.9  97.2  90.8  82.3  77.4  82.0  82.2  79.5  75.9
  60     111.8 120.3 127.8 126.7 116.6 113.6  99.4  94.9  96.2  96.6  91.6 100.5
  50     135.1 145.7 147.1 138.1 134.8 127.1 119.9 113.1 108.7 110.4 110.6 118.3
  40     149.5 159.8 160.5 148.5 148.4 138.8 135.8 127.8 126.0 122.3 127.1 142.7
  30     147.1 149.8 149.1 145.5 148.2 146.8 146.1 141.6 140.8 135.5 137.2 148.7
  20     122.1 121.4 121.7 128.1 132.3 137.1 139.3 135.0 135.2 124.2 119.9 128.4
  10      61.0  67.2  75.0  81.8  82.7  82.9  82.0  80.9  80.6  72.7  63.3  69.9
               NUMBER OF SOUNDINGS
1000        29    33    32    32    45    25    31    37    26    36    37    28
 900        33    35    33    32    46    25    31    37    26    36    37    30
 800        33    35    33    32    46    25    31    37    26    36    37    30
 700        33    35    33    32    46    24    31    37    26    36    37    30
 600        33    35    33    32    46    24    31    37    26    36    37    30
 500        33    35    33    32    46    24    31    37    26    36    37    30
 400        33    35    33    32    46    24    31    37    26    36    37    30
 300        33    35    33    32    46    24    31    37    26    36    37    30
 250        33    35    33    32    46    24    31    37    26    36    37    30
 200        33    35    33    32    46    24    31    37    26    36    37    30
 150        33    35    33    32    46    24    31    37    26    36    37    30
 125        33    35    33    32    46    24    31    37    26    36    36    30
 100        33    35    33    32    46    24    31    37    26    36    36    30
  90        33    35    33    32    46    24    31    37    26    36    36    30
  80        33    35    33    32    46    24    31    37    26    36    36    30
  70        33    35    32    32    46    24    31    37    26    36    36    30
  60        33    35    32    32    45    23    31    37    26    36    36    30
  50        33    35    32    32    44    22    31    37    26    36    36    30
  40        33    34    32    31    44    22    31    36    26    36    35    30
  30        33    34    30    31    44    22    31    35    26    36    35    29
  20        32    32    30    30    44    22    31    35    26    34    35    27
  10        25    25    26    18    28    15    23    30    19    30    27    17
               STANDARD DEVIATION FOR EACH MONTH OVER ALL SOUNDINGS
1000       9.9  12.0  10.3  15.2  15.5  14.0  16.9  18.0  15.4  14.0  12.0   9.0
 900       9.9   8.8   8.5  12.4  13.3  13.0  14.9  15.7  15.2  12.8  11.2   6.9
 800       8.2   6.4   7.4   9.2   8.4  14.3  15.0  11.0  10.1   8.6   6.5   3.8
 700       5.7   5.6   4.7   6.1   7.6   8.9  12.4   8.5   8.8   5.3   5.7   4.1
 600       4.8   4.7   4.6   6.2   7.6   7.2   8.7   7.7   7.2   4.6   5.5   4.4
 500       2.6   5.7   4.9   6.3   5.9   7.1   8.2   6.7   7.4   4.2   6.8   4.8
 400       7.3   9.8   8.1   4.9   6.0  10.9   8.1   6.3   5.5   6.1   8.8   4.6
 300      20.3  23.8  16.7  13.2   8.3   8.7   7.6   6.1   4.8   6.6   8.2  10.7
 250      23.5  32.9  26.4  25.4  18.4  21.0  14.7   6.8   4.8   9.8   9.6  11.9
 200      17.8  36.2  36.8  34.5  26.4  29.0  16.2   6.8   4.3   9.4   9.7  15.6
 150      17.3  44.1  39.9  40.7  24.7  22.7  10.2   8.6   5.8  12.2  11.5  23.7
 125      25.5  37.7  31.3  41.0  26.3  21.7  12.9   8.2   9.6  13.1  12.6  11.6
 100      27.2  31.9  39.9  32.6  24.4  21.5  11.8   6.9   9.1  13.9  18.0  18.2
  90      30.2  34.4  45.4  37.4  25.9  21.1  12.5   8.2  11.6  13.4  21.8  16.6
  80      33.6  34.1  40.8  34.7  26.3  18.9  12.1   8.9  10.6  15.8  24.1  18.4
  70      30.1  33.9  37.6  26.7  18.5  13.1  10.7  10.5  16.1  25.0  20.7  21.9
  60      31.7  29.4  32.5  26.7  15.2  14.2  11.0  13.0  13.7  20.0  17.5  24.0
  50      28.4  20.8  29.3  17.9  16.1   9.9   8.6  10.7   8.6  13.6  15.6  20.8
  40      21.9  19.8  20.7  15.1  12.5   7.3   8.7  10.7   8.3   9.2  12.5  19.6
  30      17.0  18.9  12.9   9.1   9.7   8.4   7.7   8.6   8.2   9.0  12.9  11.4
  20      13.1  10.4   9.3  11.0  11.2   8.6   9.9   7.8  10.0  14.5  13.5  13.8
  10       8.5   9.9   9.5   7.6   9.2  12.2   9.6  11.1   8.6  12.9   9.4  14.1
