STATION CODE 438 FIJI SHADOZ (01/98 - 11/02)
PRESSURE   JAN   FEB   MAR   APR   MAY   JUN   JUL   AUG   SEP   OCT   NOV   DEC
 
OZONE MONTHLY MEAN OVER ALL SOUNDINGS IN NANOBAR
1000      10.4   9.8  10.3  13.1  22.7  21.4  24.3  25.4  25.2  22.3  16.9  11.6
 900      11.6   9.8  10.8  14.1  21.9  22.0  24.4  25.9  23.7  21.6  17.3  12.5
 800      12.8  10.1  11.6  15.0  19.4  21.1  21.6  23.5  22.6  23.3  17.3  16.1
 700      14.2  13.5  14.2  16.2  22.8  20.1  22.3  23.7  27.1  30.1  23.0  18.9
 600      14.6  16.3  15.0  15.1  20.0  18.6  20.3  22.0  25.1  27.6  26.4  18.3
 500      15.8  17.0  13.8  12.3  15.5  17.0  17.0  19.0  22.4  24.4  25.1  22.7
 400      12.7  12.5  10.4   9.0  12.0  14.6  14.7  13.7  18.4  19.4  20.1  18.5
 300       8.4   7.4   7.1   6.4   8.0  10.7   9.0   8.7  13.7  14.2  14.5  13.3
 250       5.8   5.7   4.9   5.3   5.6   7.1   7.5   7.0   9.6  10.5  10.9   9.8
 200       4.2   4.9   3.9   4.2   4.0   6.0   6.2   6.2  10.1   8.9   9.3   9.1
 150       4.2   5.0   4.0   4.1   5.1   7.4   7.2   6.3   9.5   7.9   7.7   9.0
 125       5.2   5.6   5.1   4.9   7.2   8.1   8.7   6.6  10.9   8.5   8.6   9.8
 100       6.9   7.5   7.4   6.9   8.2   9.7   9.9   9.9  15.3  12.9  10.4   9.6
  90      11.5  11.9  11.2  10.4  10.3  11.4  13.0  15.6  19.9  21.2  15.4  12.8
  80      17.9  17.9  16.9  16.5  13.7  16.8  18.7  26.4  31.4  29.4  24.8  21.0
  70      27.5  27.7  26.2  27.9  26.4  30.8  36.1  43.7  45.1  45.4  42.1  35.9
  60      41.8  40.5  40.0  41.5  41.4  50.2  57.6  66.6  64.5  63.1  59.6  51.2
  50      62.0  60.4  57.7  62.0  66.2  77.2  84.7  90.4  82.2  89.9  80.8  71.6
  40      90.7  88.3  88.1  90.3  90.2 104.1 107.4 106.7 112.1 111.7 103.3  95.8
  30     116.7 117.3 117.1 120.6 119.3 122.8 126.9 123.0 126.6 127.4 123.4 119.8
  20     129.9 130.7 133.7 135.5 131.4 127.1 126.4 121.0 127.2 128.4 130.0 129.7
  10      91.1  91.4  96.0  88.5  91.3  79.6  78.5  82.3  84.9  91.8  96.2  90.2
NUMBER OF SOUNDINGS
1000        18    17    22    20     9    15    15    15    10    16    15    12
 900        18    17    22    20     9    15    15    14    10    16    15    12
 800        18    17    22    20     9    15    14    14    10    16    15    12
 700        18    17    22    20     9    15    14    15    10    16    15    12
 600        18    17    22    20     9    15    15    15    10    16    15    12
 500        18    17    21    20     9    15    15    15    10    16    15    11
 400        18    17    22    20     9    15    15    15    10    16    15    11
 300        18    17    22    20     9    15    15    15    10    16    15    12
 250        18    17    22    20     9    15    15    15    10    16    15    12
 200        18    17    22    20     9    15    14    15    10    16    15    12
 150        18    17    22    20     9    15    14    15    10    16    15    12
 125        18    17    22    20     9    15    14    15    10    16    15    12
 100        18    16    22    20     9    14    14    15    10    16    14    11
  90        18    16    22    20     9    14    14    15    10    16    14    11
  80        18    16    22    20     9    14    14    15    10    16    15    11
  70        18    16    22    20     9    14    14    15    10    16    15    12
  60        18    16    22    20     9    14    14    15    10    16    15    12
  50        18    16    22    20     8    14    14    14    10    15    15    12
  40        17    15    20    20     7    14    13    14     9    16    14    12
  30        17    15    20    20     7    14    13    14     9    15    14    12
  20        16    14    20    20     7    14    13    15    10    16    14    12
  10        14    13    18    18     7    14    12    15     8    15    14    12
STANDARD DEVIATION FOR EACH MONTH OVER ALL SOUNDINGS
1000       3.5   3.2   3.9   5.5   4.4   5.1   7.4   7.7   4.8   7.4   5.5   4.1
 900       4.7   3.2   4.2   4.6   3.3   5.0   6.2   6.0   5.4   7.0   4.9   3.9
 800       4.7   3.3   4.4   5.0   4.4   6.8   6.2   7.4   7.6   8.8   6.3   8.2
 700       5.2   7.0   6.3   6.7   7.2   5.8   7.4  11.0  12.9  12.4   9.8  10.1
 600       5.7   7.7   7.2   6.8   7.0   4.8   6.1  10.0   7.6  10.8  11.0   7.4
 500       7.3   7.4   6.2   4.7   4.9   4.6   4.9   6.9   8.2   8.9   9.5   8.1
 400       7.0   4.9   4.5   3.5   3.0   4.6   3.9   3.8   6.3   7.7   8.2   6.8
 300       4.4   2.2   3.8   2.5   1.9   4.8   2.8   2.6   3.7   7.1   6.7   5.8
 250       2.9   2.6   2.2   2.5   1.6   3.1   2.4   2.8   3.5   6.4   5.6   4.5
 200       1.9   2.4   2.0   2.4   1.2   2.8   2.3   2.8   6.2   5.5   5.6   4.6
 150       2.0   2.6   2.4   2.3   1.7   2.8   2.6   3.0   5.5   4.6   4.6   4.1
 125       3.1   2.8   2.8   2.9   2.3   2.1   2.7   2.5   6.6   4.1   4.1   4.7
 100       2.2   3.3   3.2   3.3   1.8   2.2   1.7   3.1   7.6   6.4   3.2   4.1
  90       2.7   5.0   4.0   3.3   3.2   2.1   2.7   4.1   8.8   8.7   4.3   5.3
  80       2.3   4.3   3.4   4.4   3.1   3.8   5.6   5.1   8.8   7.7   5.7   4.5
  70       3.4   5.0   4.1   5.9   5.9  10.6  10.3   7.9   8.3  10.1   8.5   4.4
  60       5.6   3.5   4.7   5.8   9.6  10.6  10.8  11.9   9.4  10.1   9.6   5.7
  50       6.5   5.7   5.6   6.6  13.3  14.2  11.9  11.6   9.6  11.1  12.2   6.6
  40       6.5   5.2   5.8   6.5   4.9  15.5  13.4  13.3   7.6   9.9   8.5   4.8
  30       4.1   5.8   6.8   4.9   4.3  10.1   8.3   5.1   7.5   6.6   5.5   3.9
  20       4.6   4.3   5.1   5.2   6.0   6.5   5.1   7.1   6.7   6.7   4.9   3.8
  10      13.6  15.9  14.5  11.6  14.1   8.6   6.0  10.0  16.1  13.1  11.3  10.5
