STATION CODE 99   Hohenpeissenberg   LOCF=0.9   HICF=1.2  (01/80 - 12/93)
PRESSURE  JAN   FEB   MAR   APR   MAY   JUN   JUL   AUG   SEP   OCT   NOV   DEC  
 
               OZONE MONTHLY MEAN OVER ALL SOUNDINGS IN MICRO-MB
1000        NA    NA    NA    NA    NA    NA    NA    NA    NA    NA    NA    NA
 900      25.3  26.4  29.3  33.7  36.9  36.7  35.1  37.0  30.5  26.3  24.7  23.2
 800      29.0  30.8  35.4  39.1  43.8  45.0  43.3  45.2  36.9  33.6  29.9  29.4
 700      29.4  31.2  34.4  38.6  41.9  42.6  39.8  41.6  36.2  32.8  31.0  29.7
 600      27.3  29.4  31.7  35.7  38.1  39.0  37.4  37.4  33.4  30.2  29.1  27.0
 500      24.4  26.2  28.1  31.8  34.0  35.5  35.6  34.5  29.8  26.8  25.8  24.2
 400      21.7  23.2  24.9  27.8  29.6  31.8  32.1  29.3  26.1  22.5  22.3  21.3
 300      21.7  27.0  27.2  32.5  28.4  31.7  29.7  25.9  22.4  18.9  20.8  20.0
 250      28.1  39.4  41.3  50.7  38.7  39.9  35.0  27.2  22.8  19.9  23.0  23.4
 200      48.5  59.7  69.8  80.6  70.4  58.5  49.3  33.7  26.6  24.3  31.7  34.3
 150      66.3  78.0  86.3  88.5  81.7  68.5  52.8  41.6  33.3  33.6  43.1  48.8
 125      73.4  83.2  87.8  84.8  83.1  69.7  54.6  48.7  40.9  40.9  50.8  57.2
 100      83.3  98.2 104.3  98.7  88.9  77.7  67.2  61.5  56.0  59.9  65.6  72.1
  90      94.9 105.0 113.1 107.0  96.8  79.3  74.5  69.1  65.8  68.7  77.6  82.2
  80     105.3 114.0 120.4 119.7 104.2  89.1  85.8  80.1  76.8  78.7  87.4  93.2
  70     118.7 131.3 134.6 132.9 118.0 101.8  93.2  90.2  89.1  94.6  98.2 105.7
  60     136.9 149.6 148.8 145.3 126.7 114.9 105.2 103.6 103.1 106.2 108.6 119.0
  50     149.2 158.6 160.7 153.6 139.7 126.8 121.1 115.5 113.3 114.8 118.5 131.0
  40     156.7 161.0 159.4 154.4 144.0 137.1 130.0 123.7 119.8 120.6 126.7 142.8
  30     147.5 146.8 143.4 139.6 133.8 133.5 131.7 130.9 125.0 122.9 128.0 139.6
  20     113.9 111.6 110.1 110.3 116.1 120.9 122.2 120.5 111.8 107.0 105.8 110.7
  10      55.9  59.9  63.5  66.0  70.5  70.0  69.8  68.8  65.0  60.0  54.1  54.3
               NUMBER OF SOUNDINGS
1000        NA    NA    NA    NA    NA    NA    NA    NA    NA    NA    NA    NA
 900       122   104    97    98    80    91   103   103   105    88   113   113
 800       168   157   165   153   112   100   109   105   115   106   158   163
 700       169   158   165   153   112   100   109   105   115   106   159   164
 600       169   158   165   153   112   100   109   104   115   106   159   164
 500       169   158   165   153   112   100   109   104   115   106   159   164
 400       169   158   165   153   112   100   109   105   115   106   159   164
 300       169   158   165   153   112   100   109   105   115   106   159   164
 250       169   158   165   153   112   100   109   105   115   106   159   164
 200       169   158   165   153   112   100   109   105   115   106   159   164
 150       169   158   165   153   112   100   109   105   115   106   159   164
 125       169   158   165   153   112   100   109   105   115   106   159   164
 100       169   158   165   153   112   100   109   105   115   106   159   164
  90       169   158   165   153   112   100   109   105   115   106   159   164
  80       169   158   165   153   112   100   109   105   115   106   159   164
  70       169   158   165   153   112   100   109   105   115   106   159   164
  60       169   158   165   153   112   100   109   105   115   106   159   164
  50       169   158   165   153   112   100   109   105   115   106   159   164
  40       169   158   165   153   112   100   109   105   115   106   159   164
  30       169   158   165   153   112   100   109   105   115   106   158   163
  20       169   158   164   153   112   100   109   104   115   104   158   162
  10       148   148   145   144   103    95    97    96   111    94   143   145
               STANDARD DEVIATION FOR EACH MONTH OVER ALL SOUNDINGS
1000        NA    NA    NA    NA    NA    NA    NA    NA    NA    NA    NA    NA
 900       8.4   8.3   9.6   9.9   8.5   9.2  11.0  10.7   8.4   8.6   9.3   8.3
 800       7.6   9.1   8.7   9.0   8.8   8.8  11.4  10.8   7.9   6.7   8.1   8.7
 700       5.6   7.2   6.8   7.7   7.7   7.2   8.4   7.8   7.2   5.8   5.8   6.0
 600       4.8   7.0   6.2   6.3   6.3   6.5   7.5   6.6   7.0   4.9   4.8   4.8
 500       4.0   5.8   5.6   5.9   6.0   6.1   6.8   6.4   6.0   4.5   4.2   4.0
 400       4.1   6.1   6.6   6.3   5.7   6.6   7.0   6.1   5.5   4.2   5.5   4.9
 300      11.2  17.1  17.7  19.5  11.8  15.5  10.4   7.4   8.6   4.4   9.2   8.0
 250      19.6  27.3  30.2  34.9  27.1  27.7  19.1  16.5  12.0   8.2  13.2  13.3
 200      30.2  36.0  37.2  32.7  32.4  30.7  23.6  18.2  14.2  11.7  16.4  19.4
 150      33.8  37.8  37.8  31.7  28.1  21.6  19.3  16.1  14.2  16.0  20.8  25.8
 125      40.3  44.9  44.5  34.2  25.3  19.6  17.1  14.1  14.0  17.4  26.8  32.0
 100      40.4  48.8  47.3  35.4  24.2  19.2  13.6  14.7  15.3  19.1  28.3  34.7
  90      41.6  48.1  47.9  32.2  24.3  19.2  14.1  13.5  14.8  17.9  28.2  32.9
  80      37.8  43.1  44.2  32.1  23.4  19.3  13.3  13.7  14.0  17.6  25.8  31.4
  70      33.4  39.5  39.4  28.2  20.1  19.2  12.6  12.1  13.4  17.2  21.7  27.5
  60      34.4  39.4  34.4  24.7  19.8  16.1   9.8  10.7  11.7  15.6  18.6  25.6
  50      29.5  33.0  25.4  16.8  14.7  11.4   8.5   8.0   9.6  11.8  15.7  24.5
  40      23.8  24.1  19.1  12.3  11.6  10.4   9.5  10.0  11.3   9.4  12.8  20.8
  30      16.5  17.2  12.7   9.1  10.1  11.1  12.0  10.7  13.2  11.2  10.1  14.7
  20      16.0  14.0  11.6  10.5  11.6   9.2   7.5   8.3  12.1  12.1  12.0  13.7
  10      11.2  11.4  10.4   8.1   6.4   6.1   5.5   6.0   5.7   7.1   7.2   9.3
