STATION CODE 435 PARAMARIBO SHADOZ (09/99 - 12/01)
PRESSURE   JAN   FEB   MAR   APR   MAY   JUN   JUL   AUG   SEP   OCT   NOV   DEC
 
OZONE MONTHLY MEAN OVER ALL SOUNDINGS IN NANOBAR
1000      25.3  34.3  31.2  52.0  30.8  20.8  31.0  23.0  23.0  27.4  20.2  26.9
 900      21.2  32.0  23.2  27.7  20.0  15.5  21.4  18.8  21.1  22.6  18.2  23.0
 800      18.9  31.4  25.8  22.8  18.4  16.7  20.6  21.2  23.9  28.7  22.0  21.3
 700      17.6  31.0  25.1  24.3  20.9  19.7  20.5  20.6  22.2  23.4  20.5  21.0
 600      20.4  26.3  23.1  22.5  20.1  21.4  20.8  19.8  21.0  23.9  19.0  20.2
 500      17.9  23.4  21.3  19.4  21.0  19.9  23.9  23.4  24.8  23.9  19.7  19.6
 400      18.9  20.3  17.9  17.0  16.8  20.4  21.9  23.1  25.0  23.6  21.2  20.0
 300      15.8  17.5  15.6  12.8  12.8  13.9  15.7  19.6  21.9  19.6  20.7  17.6
 250      12.6  14.9  12.3  10.3   9.8  11.5  12.3  14.6  17.8  16.1  18.4  15.4
 200      11.9  14.5  11.6   8.8   7.8  10.9  11.1  12.5  15.4  13.3  14.5  13.4
 150      11.9  11.0  10.6   8.5   8.4  12.0  11.0  13.4  14.0  12.7  12.3  11.2
 125      11.5   9.3   9.6   9.2   9.2  11.5  11.5  13.6  14.5  11.3  10.5   9.3
 100      11.5  10.9  10.2  10.3   9.9  12.6  13.5  14.1  16.1  12.3   9.9   9.3
  90      13.1  14.8  13.5  13.2  13.0  18.1  19.2  21.1  21.6  16.1  11.9  10.4
  80      18.7  19.5  20.5  19.2  21.0  24.9  30.8  34.5  33.7  25.6  18.8  15.6
  70      31.4  31.8  32.6  29.3  37.2  39.3  45.0  46.6  49.8  39.9  32.3  31.1
  60      53.3  49.6  47.6  47.7  53.4  54.5  59.6  60.8  64.7  56.8  52.7  48.5
  50      74.0  72.4  74.4  70.8  77.7  75.2  79.2  77.7  83.8  78.2  77.0  70.7
  40      95.3  97.8  97.4 100.8 105.5 101.9 104.7 104.7 107.1  99.7  95.2  99.9
  30     125.7 118.0 124.4 133.0 133.0 134.2 138.3 139.6 134.8 135.3 128.1 129.5
  20     138.7 142.6 145.7 153.3 159.6 158.3 162.9 162.8 156.3 156.8 146.1 144.2
  10     102.5 127.7 123.7 125.2 118.0 107.1 115.9 117.7 120.9 120.8 114.1 107.4
NUMBER OF SOUNDINGS
1000         5     8     8     7     7     8     7    10    18    12     9    11
 900         5     8     8     7     7     8     7    10    18    12     9    11
 800         5     8     8     7     7     8     7    10    18    12     9    11
 700         5     8     8     7     7     8     7    10    18    12     9    11
 600         5     8     8     7     7     8     7    10    18    12     9    11
 500         5     8     8     7     7     8     7    10    18    12     9    11
 400         5     8     8     7     7     8     7    10    18    12     9    11
 300         5     8     8     7     6     8     7    10    18    12     8    10
 250         5     8     8     7     6     8     7    10    18    11     8    10
 200         5     8     8     7     6     8     7    10    18    11     8    10
 150         5     8     8     7     6     8     7    10    18    11     8    10
 125         5     8     8     7     6     8     7    10    18    11     8    10
 100         5     8     8     7     6     8     7    10    18    11     8    10
  90         5     8     8     7     6     8     7    10    18    11     8    10
  80         5     8     8     7     6     8     7    10    18    11     8    10
  70         5     8     8     7     6     8     7    10    18    11     8    10
  60         5     8     8     7     6     8     7    10    18    11     8    10
  50         5     8     8     7     6     8     7    10    18    11     8    10
  40         5     8     8     7     6     8     7    10    18     9     8    10
  30         5     8     8     7     6     8     7    10    18     9     8    10
  20         5     8     8     7     6     8     7    10    17     9     8     9
  10         5     8     8     6     6     7     7    10    15     7     8     7
STANDARD DEVIATION FOR EACH MONTH OVER ALL SOUNDINGS
1000       9.9  20.1  11.4  56.2  10.8   6.3  26.4   7.8   7.8  10.5   5.0  14.4
 900       6.3  11.0   5.5  23.2   5.3   2.8   9.4   2.8   5.2   3.4   3.4   7.3
 800       2.8   6.2   8.4   7.6   3.6   2.9   4.4   5.4   5.4   5.4   5.0   4.1
 700       2.3   7.2   7.8   9.0   4.2   3.0   3.0   6.5   6.6   6.0   3.8   3.7
 600       5.0   8.1   6.4   7.5   5.0   2.6   3.0   6.4   4.4   6.1   5.3   3.5
 500       4.1   5.6   6.8   5.4   5.8   3.4   4.6   7.5   4.1   4.1   4.0   3.2
 400       4.3   3.2   3.9   3.2   3.6   3.3   3.9   5.4   4.0   6.4   3.5   3.7
 300       3.5   5.3   2.2   1.9   3.5   3.0   3.5   3.9   6.2   4.9   4.8   4.1
 250       3.7   4.5   2.4   1.9   2.4   4.3   3.2   3.3   4.3   4.2   5.4   3.0
 200       3.2   2.5   1.8   1.6   2.0   4.6   2.6   3.0   4.3   3.7   4.3   2.6
 150       1.6   2.4   1.9   1.1   2.6   5.5   1.5   2.3   3.4   3.4   2.4   2.5
 125       1.6   3.1   1.7   1.7   1.8   1.9   1.3   1.6   4.2   2.7   2.0   2.8
 100       2.4   3.9   1.4   1.2   1.8   2.1   2.5   2.5   4.2   3.2   2.2   2.7
  90       1.9   3.5   2.3   1.1   1.5   3.1   4.5   6.8   4.8   3.8   2.4   2.3
  80       3.9   6.0   8.2   2.3   4.5   4.2   4.5   7.5   6.9   5.6   6.2   5.8
  70       3.5   8.0   8.2   4.9  14.8   6.3   4.2   4.9   8.7   5.7   7.3   7.8
  60       7.2   9.0   7.2   5.6  13.0   8.3   5.4   5.8   8.3   6.8   7.2   9.5
  50       3.1  12.4   7.4   5.6   9.3  10.2   5.6   5.8   6.6   9.3   9.3   9.3
  40       5.9   8.8   3.6   5.7  10.9   7.2   4.4   5.2   6.3   6.3   5.9   8.6
  30       2.1   8.2   2.5   6.0   3.7   4.1   8.3  11.3   9.5  12.5  17.8  20.3
  20       9.2  10.2   4.8   8.6   8.2   5.1   8.8  10.2  12.4  11.2  11.0   9.6
  10       7.3  16.0  10.9   7.7   3.2  11.2   5.4   8.1  13.3   6.5  10.7   8.1
