STATION CODE 175 NAIROBI SHADOZ (01/98 - 12/01)
PRESSURE   JAN   FEB   MAR   APR   MAY   JUN   JUL   AUG   SEP   OCT   NOV   DEC
 
OZONE MONTHLY MEAN OVER ALL SOUNDINGS IN NANOBAR
1000     -99.9 -99.9 -99.9 -99.9 -99.9 -99.9 -99.9 -99.9 -99.9 -99.9 -99.9 -99.9
 900     -99.9 -99.9 -99.9 -99.9 -99.9 -99.9 -99.9 -99.9 -99.9 -99.9 -99.9 -99.9
 800      21.2  25.3  21.8  19.1  19.6  20.3  22.6  25.0  25.3  29.1  20.6  19.4
 700      23.1  24.4  23.5  21.4  23.6  24.6  28.2  30.4  28.3  28.6  23.3  21.1
 600      20.8  21.6  21.9  22.5  26.4  27.9  29.7  27.1  24.9  27.6  23.1  22.1
 500      19.9  21.1  19.2  19.7  27.5  26.1  27.4  24.3  25.6  25.8  23.5  23.9
 400      16.6  17.8  19.5  18.2  25.6  24.4  23.5  20.5  20.9  22.3  25.3  23.7
 300      11.7  13.5  16.0  15.8  19.5  19.9  16.7  17.6  22.5  22.1  21.4  20.9
 250       8.8  12.1  12.6  13.0  15.4  16.3  11.8  13.8  17.0  16.9  17.9  17.1
 200       8.1  11.2  11.2  12.8  12.5  12.8   9.4   9.7  13.2  13.9  15.7  14.6
 150       7.8  10.6  10.2  11.7  11.0  10.3   7.8   9.0  10.1  11.4  13.1  12.9
 125       7.8   8.8   9.1  10.7  10.3  10.8  10.8  10.0   9.6  10.0  10.5  10.7
 100       7.9   7.6   8.5   9.6  10.6  12.9  14.6  14.1  12.5  10.3   9.0   9.3
  90       9.9   8.1   9.8   9.9  11.7  16.6  21.0  20.0  17.8  14.9   9.5   9.3
  80      14.8  12.4  13.4  14.6  18.3  26.0  29.5  28.9  27.6  24.8  17.5  12.8
  70      27.1  24.4  23.8  25.8  30.9  40.6  40.4  43.0  40.0  36.9  31.9  27.7
  60      42.1  41.6  40.2  44.1  44.9  51.6  57.0  59.8  56.4  50.2  48.9  46.0
  50      62.5  63.9  65.7  65.0  66.7  70.8  73.6  76.8  72.4  68.7  65.8  62.7
  40      92.2  93.4  97.3  90.7  94.1  98.1  96.3  97.7  97.5  91.0  90.2  92.4
  30     118.6 115.9 120.7 124.7 127.1 126.9 126.4 124.7 132.8 134.8 133.6 131.0
  20     136.4 135.4 141.9 147.9 148.7 143.3 147.8 150.1 153.7 153.1 148.3 142.2
  10      95.9  96.1 105.2 105.0 101.0 110.0  97.3  96.7 108.1 106.0  99.4  94.6
NUMBER OF SOUNDINGS
1000         0     0     0     0     0     0     0     0     0     0     0     0
 900         0     0     0     0     0     0     0     0     0     0     0     0
 800        17    13    12    13    16    12    12    14    17    19    20    17
 700        17    13    12    13    16    12    12    14    17    19    20    17
 600        17    13    12    13    16    12    12    14    17    19    20    17
 500        17    13    12    13    16    12    12    14    17    19    20    17
 400        17    13    12    13    16    12    12    14    17    19    20    17
 300        17    13    12    13    16    12    12    14    17    19    20    17
 250        17    13    12    12    16    12    12    14    17    19    20    17
 200        17    13    12    13    16    12    12    14    17    19    20    17
 150        17    13    12    13    16    12    12    14    17    19    20    17
 125        17    13    12    13    16    12    12    14    17    19    20    17
 100        17    13    12    13    16    12    12    14    17    19    20    17
  90        17    13    12    13    16    12    12    14    17    19    20    17
  80        17    13    11    13    15    12    12    14    17    19    20    17
  70        17    13    11    13    14    12    12    14    17    19    20    17
  60        17    13    11    13    15    12    12    14    17    19    19    17
  50        17    13    12    13    15    12    12    14    17    18    19    17
  40        17    13    12    13    15    12    11    14    17    18    19    17
  30        17    13    12    13    15    12    11    14    17    18    19    17
  20        17    13    12    13    15    12    11    13    17    18    19    17
  10        17    12     9    13    15    11    10    13    14    17    17    15
STANDARD DEVIATION FOR EACH MONTH OVER ALL SOUNDINGS
1000       0.0   0.0   0.0   0.0   0.0   0.0   0.0   0.0   0.0   0.0   0.0   0.0
 900       0.0   0.0   0.0   0.0   0.0   0.0   0.0   0.0   0.0   0.0   0.0   0.0
 800       6.1   8.2   6.8   4.8   4.6   4.8   2.5   6.0   5.1  10.1   3.8   3.0
 700       7.1   4.7   6.4   6.1   4.8   4.9   4.6   5.8   4.4   8.9   3.5   3.8
 600       7.8   4.8   6.3   6.5   6.5   3.3   4.1   4.2   5.3   8.9   5.4   5.1
 500       6.7   8.3   3.8   7.2   7.5   5.6   5.6   5.1   9.2   6.6   7.3   6.8
 400       4.7   6.1   5.0   7.2   5.7   4.3   5.2   5.0   7.6   7.1   6.4   5.7
 300       5.8   5.6   6.7   8.3   4.5   3.8   4.4   4.3   7.3   8.9   5.3   5.4
 250       3.5   5.0   4.5   5.7   4.3   3.6   4.0   3.8   6.4   6.3   4.2   4.4
 200       3.4   4.1   4.0   2.9   4.0   3.3   2.5   3.0   4.9   5.1   3.1   3.8
 150       3.1   2.2   3.5   3.1   3.4   3.0   1.8   2.7   3.0   3.9   2.2   1.7
 125       2.6   1.5   2.3   2.5   2.4   3.2   2.2   2.1   1.8   2.2   1.8   1.5
 100       2.4   1.4   1.7   2.6   2.7   3.5   3.5   4.3   2.2   1.6   2.0   2.0
  90       2.3   1.6   1.8   2.7   2.9   3.6   6.3   4.1   4.1   3.5   2.9   2.3
  80       2.4   4.5   2.8   3.1   4.6   5.8   5.5   5.6   5.5   4.8   4.2   5.8
  70       6.2   7.2   4.6   4.1   6.3  10.9   7.5   6.6   7.6   5.9   4.9   5.1
  60       7.5   8.2   9.3   6.2   8.4  10.0   8.7   7.2   9.4   7.5   6.7   6.7
  50       8.8   6.5  11.7   7.6   9.4   9.4  10.6   7.4   9.7   8.6   6.2  11.7
  40      11.9  13.1  15.1  12.9  10.4  13.2  12.0  10.9   8.7   6.4   8.7   9.9
  30      18.6  18.1  17.3  14.0  10.0  10.4   8.9   9.1  12.1  13.2  23.3  20.9
  20       9.8   9.9   8.3   8.8   4.0   4.8   6.7  10.6  11.8  10.1  10.1   8.8
  10      12.8   6.9  19.5  11.5  13.5  18.8   6.9   9.3  13.1  15.2  16.6   9.0
