STATION CODE 256   Lauder   LOCF=0.8   HICF=1.2  (08/86 - 12/90)
PRESSURE  JAN   FEB   MAR   APR   MAY   JUN   JUL   AUG   SEP   OCT   NOV   DEC  
 
               OZONE MONTHLY MEAN OVER ALL SOUNDINGS IN MICRO-MB
1000        NA    NA    NA    NA    NA    NA    NA    NA    NA    NA    NA    NA
 900      16.3  14.5  17.4  21.4  23.7  25.8  25.9  25.0  26.5  23.9  20.5  20.2
 800      17.1  17.4  18.5  22.0  23.2  25.6  25.9  26.8  27.2  25.3  22.3  20.1
 700      18.5  20.1  18.8  20.4  21.5  23.3  24.5  25.9  26.3  26.4  23.8  22.1
 600      19.4  20.0  18.6  19.7  19.6  20.9  22.0  23.5  25.6  24.6  22.5  19.8
 500      17.2  18.9  16.3  18.4  17.7  18.0  19.1  20.9  22.8  22.6  20.9  19.2
 400      15.7  15.2  16.5  16.2  16.3  14.8  18.1  18.3  20.4  21.5  18.2  18.5
 300      15.8  15.2  14.6  13.2  17.4  15.4  17.4  18.2  20.5  24.9  20.7  18.7
 250      20.6  18.9  18.4  13.7  19.9  19.1  27.8  28.2  33.8  39.6  26.6  20.7
 200      27.0  23.5  22.8  18.6  31.9  51.1  47.7  55.1  53.6  51.8  42.6  32.5
 150      28.4  26.8  25.5  29.5  49.7  52.6  52.3  60.3  63.0  58.2  44.3  37.6
 125      33.2  27.5  30.4  28.3  45.5  57.7  56.3  70.2  64.8  70.6  50.6  39.0
 100      44.6  42.6  46.8  48.5  54.5  68.5  79.9  90.4  87.1  83.6  66.7  50.1
  90      55.1  52.7  52.5  55.7  70.3  82.7  91.5  95.4 100.4  99.4  78.9  62.0
  80      66.7  62.7  63.5  67.2  83.2  96.6 103.1 109.5 112.9 120.4  97.3  73.8
  70      79.7  76.4  75.5  82.6  96.4 100.7 112.4 122.0 130.3 134.2 116.3  91.5
  60      96.7  93.0  93.9  98.1 102.4 120.3 127.4 140.9 149.9 148.1 130.6 112.2
  50     114.1 109.4 109.9 113.5 116.9 126.1 135.6 154.5 163.6 162.4 144.0 122.8
  40     122.5 120.4 114.8 122.0 125.9 134.7 144.1 161.1 166.8 163.3 146.5 130.4
  30     120.5 120.4 121.3 128.4 135.5 138.0 137.8 150.6 151.3 151.5 139.2 127.9
  20     122.5 120.1 111.9 115.9 113.2 113.0 112.8 120.7 123.2 126.6 119.0 115.4
  10      81.6  80.6  69.8  68.0  63.2  64.0  57.4  70.1  72.2  76.3  75.7  73.9
               NUMBER OF SOUNDINGS
1000        NA    NA    NA    NA    NA    NA    NA    NA    NA    NA    NA    NA
 900        17    15    15    17    17    16    17    40    34    38    31    28
 800        18    15    15    17    17    16    17    40    34    38    31    28
 700        18    15    15    17    17    16    17    40    34    38    31    28
 600        18    15    15    17    17    16    17    40    34    38    31    28
 500        18    15    15    17    17    16    17    40    34    38    31    28
 400        18    15    15    17    17    16    17    40    34    38    31    28
 300        18    15    15    17    17    16    17    40    34    38    31    28
 250        18    15    15    17    17    16    17    40    34    38    31    28
 200        18    15    15    17    17    16    17    40    34    38    31    28
 150        18    15    15    17    17    16    17    40    34    38    31    28
 125        18    15    15    17    17    16    17    40    34    38    31    28
 100        18    15    15    17    17    16    17    40    34    38    31    28
  90        18    15    15    17    17    16    17    40    34    38    31    28
  80        18    15    15    17    17    16    17    40    34    38    31    28
  70        18    15    15    17    17    16    17    40    34    38    31    28
  60        18    15    15    17    17    16    17    40    34    38    31    28
  50        18    15    15    17    17    16    17    39    34    38    31    28
  40        18    15    15    16    17    16    17    39    34    38    31    28
  30        18    15    15    15    17    16    16    39    33    38    31    28
  20        18    15    15    14    17    15    14    37    32    38    30    26
  10        10    10    10     9    11    10     8    17    20    22    12    15
               STANDARD DEVIATION FOR EACH MONTH OVER ALL SOUNDINGS
1000        NA    NA    NA    NA    NA    NA    NA    NA    NA    NA    NA    NA
 900       4.7   3.1   4.9   2.9   2.0   1.8   1.7   3.0   3.8   3.0   4.7   8.4
 800       5.1   4.3   4.7   2.6   2.0   1.7   1.5   2.9   3.2   3.2   5.9   7.8
 700       5.6   4.9   4.1   2.3   2.2   1.7   2.5   3.0   3.5   4.8   6.0   8.2
 600       6.4   4.2   3.8   2.8   2.8   1.6   2.3   3.3   4.7   4.4   5.5   6.8
 500       5.6   4.4   3.5   2.9   2.0   1.9   2.1   3.2   4.7   4.0   5.6   7.2
 400       4.7   3.1  10.4   3.5   6.6   3.7   4.3   5.5   4.3   7.1   4.6   8.4
 300      14.4   4.9  11.5   4.4  11.3  11.7   9.8  10.7   9.9  16.3   9.2  13.5
 250      17.3  13.7  15.1   5.9  11.4  17.5  23.3  17.9  21.2  25.3  14.2  16.8
 200      17.5  13.2  15.1   7.8  10.2  30.8  21.0  22.7  22.4  17.2  18.8  18.3
 150      12.1   8.7  11.5  13.1  20.6  21.6  17.8  23.4  27.5  23.7  18.6  17.3
 125      13.5   8.5  14.2  12.7  12.3  24.0  17.8  22.8  27.5  26.5  21.7  15.9
 100      12.3  14.6  20.3  17.7  17.5  30.1  25.2  27.5  26.9  21.4  18.1  13.8
  90      13.4  14.7  22.2  18.4  22.1  35.1  23.5  27.1  25.6  22.6  17.7  12.3
  80      11.4  10.7  22.3  18.0  20.0  36.7  21.6  31.0  26.5  28.7  21.0  13.6
  70      11.1  10.1  13.0  17.5  18.7  36.2  25.0  27.2  25.4  18.9  19.0  14.6
  60      11.0  10.4  14.0  12.0  19.6  32.1  24.0  26.1  22.8  17.7  17.8  14.2
  50       8.1   7.7  10.4  12.6  13.4  26.0  17.5  23.4  16.0  17.6  14.6  13.6
  40       7.7   6.1   9.5   7.6  11.9  28.3  19.0  19.3  10.9  11.0  11.1  11.6
  30      10.9  13.1   9.3   6.9  12.8  18.9  13.7  13.2  11.9  10.0  11.5  13.8
  20      13.0   9.1   7.5   9.2  13.6  15.2  11.7  11.3   9.6  10.2   7.6  10.4
  10       8.8   7.9   8.6   7.6   8.1  12.2   6.5   9.4   9.1  11.3   8.5   6.7
