STATION CODE 448 MALINDI SHADOZ (03/99 - 12/02)
PRESSURE   JAN   FEB   MAR   APR   MAY   JUN   JUL   AUG   SEP   OCT   NOV   DEC
 
OZONE MONTHLY MEAN OVER ALL SOUNDINGS IN NANOBAR
1000      21.2  13.8  13.8  14.1  23.6  21.4  21.0  20.0  20.7  20.8  20.5  16.1
 900      22.5  17.1  15.9  17.7  16.6  23.6  27.0  23.0  19.6  22.1  21.9  19.2
 800      22.1  21.3  20.2  19.9  19.3  23.9  31.9  31.4  22.1  26.8  24.6  21.9
 700      23.6  25.6  22.7  22.2  23.6  23.6  29.9  32.4  26.3  24.0  23.4  21.2
 600      24.1  23.6  23.4  19.7  25.5  27.6  28.9  31.5  31.6  23.1  20.4  20.1
 500      23.1  21.1  23.7  20.2  25.3  28.8  27.8  26.8  22.7  26.7  19.5  23.3
 400      17.9  19.9  17.4  20.1  23.9  25.8  21.8  20.4  17.9  22.3  21.8  21.5
 300      14.0  15.5  13.0  15.4  21.0  18.4  16.9  18.1  16.1  19.2  22.8  18.9
 250      11.0  13.5  10.8  13.8  17.8  16.1  13.1  15.1  16.8  14.4  19.7  17.5
 200       9.7   9.7  11.1  11.8  14.0  13.6  10.2  12.8  15.7  11.7  15.7  16.2
 150       9.4  10.0   8.5  10.4  12.1   9.8   8.5  12.6  13.3  10.5  15.4  14.1
 125       8.4   9.5   8.2   9.1  10.1  10.5  11.9  10.5   9.9  10.7  14.0  11.8
 100       9.2  10.0   9.4   8.4  10.9  13.1  14.7  11.6  13.1  11.7  11.1  10.5
  90      11.9  10.1  10.0   9.0  12.2  15.4  19.3  17.4  18.1  15.4  11.7  10.9
  80      16.8  13.9  13.1  13.4  18.8  24.9  29.0  28.3  23.8  23.0  17.9  15.5
  70      27.5  26.6  23.4  24.7  31.1  46.2  38.9  40.3  35.0  37.2  30.2  30.3
  60      50.2  42.4  37.6  44.3  46.1  58.1  57.3  56.1  53.4  54.3  50.1  51.8
  50      70.9  60.0  68.8  65.7  73.6  71.6  77.2  69.4  71.7  67.0  68.9  71.3
  40      98.9  95.1 101.2  99.3 103.2  92.6  97.7  94.4  81.1  89.4  90.4  93.5
  30     116.2 118.7 130.0 132.1 132.9 132.5 123.0 124.5 111.2 129.5 128.8 116.9
  20     129.7 138.3 145.0 149.5 152.7 149.3 139.0 145.8 137.1 146.1 139.8 137.9
  10     102.6  96.7  98.9 113.6  96.1 106.2  96.8 105.4 104.1 112.7 113.1 101.5
NUMBER OF SOUNDINGS
1000         4     4     9     7     7     5     7     5     2     6     4     6
 900         4     4     9     7     8     5     7     5     2     6     4     6
 800         4     4     9     7     8     5     7     5     2     6     4     6
 700         4     4     9     7     8     5     7     5     2     6     4     6
 600         4     4     9     7     8     5     7     5     2     6     4     6
 500         4     4     9     7     8     5     7     5     2     6     4     6
 400         4     4     9     7     8     5     7     5     2     6     4     6
 300         4     4     9     7     8     5     7     5     2     6     4     6
 250         4     4     9     7     8     5     7     5     2     6     4     6
 200         4     4     9     7     8     5     7     5     2     6     4     6
 150         4     4     9     7     8     4     7     5     2     6     4     6
 125         4     4     9     6     8     4     7     4     2     6     4     6
 100         4     4     9     6     7     4     7     4     2     6     4     6
  90         4     4     9     6     6     4     7     4     2     6     4     6
  80         4     4     9     6     6     4     7     4     2     6     4     6
  70         4     4     9     6     6     4     7     4     2     6     4     6
  60         4     4     9     6     6     4     7     4     2     6     4     6
  50         4     4     8     6     6     4     7     4     2     6     4     6
  40         4     4     8     6     6     3     7     4     2     6     4     5
  30         4     4     7     6     6     3     7     4     2     6     4     5
  20         4     4     7     6     5     3     7     4     2     6     4     5
  10         3     4     6     4     4     3     6     4     2     6     4     5
STANDARD DEVIATION FOR EACH MONTH OVER ALL SOUNDINGS
1000       2.7   9.4   5.6   3.5  19.2   7.3   4.1   4.2   1.4   6.5   6.3   7.1
 900       2.5   8.1   5.7   2.5   9.9   6.1   4.5   5.1   0.4   7.0   4.1   5.8
 800       1.6   6.2   5.1   4.4   8.9   5.9  10.7  13.3   6.1  12.1   5.6   5.2
 700       4.5  10.2   4.7   5.8   8.2   4.3  11.2  13.3   3.3   7.1   6.5   4.6
 600       6.7   7.8   2.9   4.5   8.4   4.5   4.7  10.0  10.3   3.9   1.7   3.4
 500       8.3   6.4   3.5   5.5   6.3   4.7   5.4   6.5   7.8  11.4   2.5   8.8
 400       8.9   6.7   3.2   5.6   8.5   6.8   5.3   6.1  10.2   7.7   4.1   6.9
 300       6.6   7.0   1.9   3.0   7.2   3.8   5.5   7.2   9.9   9.4   6.0   7.0
 250       4.9   4.8   2.7   4.5   2.9   2.3   4.6   5.1  11.3   6.4   5.3   4.9
 200       4.8   2.9   3.9   3.1   2.9   2.6   4.1   2.0   3.5   4.7   2.6   4.6
 150       3.5   3.7   2.4   3.4   3.3   0.9   2.9   2.6   1.5   3.0   1.2   3.1
 125       2.3   3.0   1.9   2.7   2.4   1.8   2.2   1.6   1.1   2.7   1.4   1.7
 100       0.6   0.6   2.8   1.8   3.4   2.7   5.5   2.1   3.3   1.8   1.4   0.7
  90       1.9   1.8   2.8   1.0   3.2   3.9   5.4   1.9   4.4   3.8   1.1   0.7
  80       4.8   3.5   1.5   2.4   5.3   5.0   7.3   2.8   4.2   5.0   4.2   3.3
  70       5.0  11.9   5.7   2.8   7.1   7.3   6.7   4.1   1.3   2.7   3.4   8.2
  60      11.1  10.8   2.6   4.0   6.2   6.1   6.0   6.7   9.0   5.5   7.9   8.3
  50      11.7   8.0  11.0   5.1   6.7   6.9   8.2   6.8  10.0   7.2  11.0  11.7
  40      10.0  17.5  11.4   8.0   7.5   5.6   5.6   8.0   3.0   6.9   5.5   8.1
  30      12.9  16.8  15.2  10.5  10.6   9.6   6.4   4.9   7.0  15.0  23.7   7.0
  20       7.4   8.1   5.9   4.8   6.5   5.8  12.2  10.7   4.8  10.7   9.8   5.8
  10      16.0   7.3  16.3  34.9  11.6  21.1   7.5  18.7  19.3  16.7   6.6  15.4
