STATION CODE 76   Goose_Bay   LOCF=0.8   HICF=1.2  (09/80 - 12/93)
PRESSURE  JAN   FEB   MAR   APR   MAY   JUN   JUL   AUG   SEP   OCT   NOV   DEC  
 
               OZONE MONTHLY MEAN OVER ALL SOUNDINGS IN MICRO-MB
1000      25.7  27.8  31.2  34.1  29.3  23.6  20.8  19.2  19.8  23.4  26.8  25.3
 900      28.1  29.7  33.9  36.9  34.1  27.6  26.8  25.5  25.8  28.2  30.1  27.9
 800      27.4  29.9  34.2  38.1  37.9  32.3  31.7  29.1  28.8  30.8  31.0  28.1
 700      26.5  29.3  32.9  37.9  38.5  33.1  33.5  32.8  29.3  30.7  29.6  27.0
 600      24.6  27.8  30.3  34.8  34.5  33.5  33.7  32.5  29.5  28.5  26.6  23.9
 500      22.8  25.1  27.6  29.3  31.7  31.0  31.6  30.8  26.8  25.4  24.2  21.7
 400      20.7  24.1  25.2  26.6  29.2  32.2  29.6  26.5  24.0  23.0  20.7  20.4
 300      30.2  42.0  39.3  33.2  37.4  40.4  32.1  26.6  25.7  25.5  23.8  30.7
 250      52.8  68.3  67.1  51.2  56.5  53.5  50.3  34.8  33.3  33.5  31.1  41.5
 200      79.4  86.1 100.4  89.8  77.7  75.3  72.1  50.3  41.4  40.2  44.9  60.0
 150     104.3  97.5 117.1  95.5  85.2  71.1  68.1  52.8  48.2  51.3  56.0  76.4
 125     120.9 104.6 111.0 101.8  83.5  72.2  69.1  59.0  56.8  60.5  73.5  92.9
 100     137.7 120.9 119.0 111.5  93.7  89.2  87.1  74.9  75.4  78.2  89.2 106.0
  90     137.2 134.9 134.7 123.9 105.6 100.0  94.4  85.2  83.3  89.0 100.2 115.6
  80     144.4 151.4 148.7 132.1 116.2 111.0 105.7  96.9  94.5 101.4 109.5 129.9
  70     155.6 162.4 158.4 142.8 127.1 122.1 120.6 109.4 108.3 112.1 122.3 138.1
  60     169.5 172.0 171.4 154.3 145.6 130.4 127.7 121.2 118.8 119.6 127.9 147.2
  50     174.4 173.8 178.6 161.1 151.1 137.2 135.5 127.3 123.9 125.6 131.2 147.6
  40     166.4 168.0 168.7 161.0 150.2 138.0 137.7 133.9 127.3 126.8 133.6 151.0
  30     144.2 147.8 153.7 143.2 138.8 130.3 136.8 132.2 124.5 125.0 133.5 140.2
  20     109.6 112.7 116.3 113.6 112.4 115.2 118.7 116.7 109.0 106.7 115.1 107.6
  10      52.7  56.4  64.6  69.5  74.3  73.1  73.2  71.7  66.3  62.5  62.1  55.8
               NUMBER OF SOUNDINGS
1000        34    32    36    44    43    33    33    38    36    32    39    31
 900        47    44    50    51    47    42    41    45    51    40    42    45
 800        47    44    51    51    47    42    41    45    51    40    42    45
 700        47    44    51    51    47    42    41    45    51    40    42    45
 600        47    44    51    51    47    42    41    45    51    40    42    45
 500        47    44    51    51    47    42    41    45    51    40    42    45
 400        47    44    51    51    47    42    41    45    51    40    42    45
 300        47    44    51    51    47    42    41    45    51    40    42    45
 250        47    44    51    51    47    42    41    45    51    40    42    45
 200        47    44    51    51    47    42    41    45    51    40    42    45
 150        47    44    51    51    47    42    41    45    51    40    42    45
 125        47    44    51    51    47    42    41    45    51    40    42    45
 100        47    44    51    51    47    42    41    45    51    40    42    45
  90        47    44    50    51    46    42    40    45    51    39    41    45
  80        47    42    50    51    46    42    39    45    51    39    41    45
  70        47    42    50    49    46    42    39    45    51    39    40    44
  60        46    42    50    49    45    42    39    44    50    38    40    43
  50        44    40    48    48    45    41    38    42    47    35    39    43
  40        44    38    47    48    44    40    35    42    46    34    36    43
  30        39    36    44    45    44    38    32    39    43    33    35    43
  20        34    34    43    38    39    34    30    36    40    29    31    35
  10        19    27    23    26    30    25    20    24    27    18    25    24
               STANDARD DEVIATION FOR EACH MONTH OVER ALL SOUNDINGS
1000       5.9   5.1   7.2   8.2   9.1   7.4   7.9   5.8   6.8   7.9   6.5   7.0
 900       5.8   5.6   5.6   7.8   9.6   7.6   8.8   5.6   6.7   6.9   4.8   6.1
 800       5.7   5.5   6.8   6.4   8.3   8.2   9.3   6.1   6.8   6.7   5.2   6.1
 700       5.3   5.5   8.2   6.7   9.1   6.9   7.1   7.2   5.8   5.6   4.9   4.4
 600       4.5   5.3   5.8   6.5   6.2   5.6   7.7   5.6   5.3   6.7   4.0   5.2
 500       5.6   5.9   4.3   5.4   5.0   6.2   7.6   6.9   5.2   5.5   6.0   4.6
 400       6.2   9.7   6.4   6.1   8.6  16.8   9.7   6.5   6.2   5.4   4.5   7.3
 300      18.2  35.7  27.7  19.7  28.9  33.2  20.1  17.7  15.1  14.0  17.2  19.1
 250      29.7  42.5  37.9  35.2  44.9  40.0  31.4  24.6  21.2  18.1  19.3  22.2
 200      34.1  43.9  42.7  34.7  39.5  32.5  32.2  23.1  18.0  16.6  19.3  27.1
 150      50.4  45.3  42.8  40.2  30.4  22.4  21.0  19.8  16.7  20.3  27.2  37.7
 125      55.0  51.7  51.7  39.3  26.3  19.9  16.1  16.9  17.2  20.0  36.3  46.0
 100      53.3  53.7  54.6  44.0  25.7  18.7  18.2  18.5  20.2  22.2  35.1  46.2
  90      48.1  48.7  49.6  42.4  30.9  21.1  21.4  15.7  17.8  24.3  36.7  42.2
  80      46.0  42.3  46.7  39.0  23.1  18.8  16.5  13.5  19.3  24.7  32.7  42.5
  70      42.0  42.5  37.9  37.9  26.1  15.1  20.1  14.9  19.5  20.8  32.9  43.4
  60      37.5  32.6  34.1  34.6  20.5  14.5  16.6  13.6  17.2  19.7  30.7  29.8
  50      31.2  30.7  29.6  27.1  20.1  15.2  15.4  12.1  12.1  16.5  28.8  24.6
  40      24.2  26.6  20.8  17.9  17.3  14.4  14.0  13.6  14.2  14.9  29.3  20.6
  30      23.0  23.2  11.6  14.6  17.1  11.3  15.2  11.8  15.4  16.1  18.0  15.8
  20      25.5  15.6  11.2  12.5  12.8   9.6   8.8  11.6  12.1  10.6  17.0  17.4
  10      13.2  17.3  11.4   9.9   9.0   8.0   8.1  12.1   8.7  10.6  12.4  23.8
