STATION CODE 89   Ny_Alesund   LOCF=0.8   HICF=1.2  (10/90 - 12/93)
PRESSURE  JAN   FEB   MAR   APR   MAY   JUN   JUL   AUG   SEP   OCT   NOV   DEC  
 
               OZONE MONTHLY MEAN OVER ALL SOUNDINGS IN MICRO-MB
1000      29.5  31.1  39.1  28.1  33.4  30.0  24.0  29.4  29.9  32.2  32.8  28.6
 900      31.3  33.0  38.1  30.8  36.0  34.9  28.2  31.5  31.7  31.1  33.8  31.6
 800      30.7  31.4  36.2  31.2  37.4  38.1  31.8  33.5  32.0  30.1  31.4  30.6
 700      29.6  30.8  33.9  34.1  39.2  38.5  33.1  35.1  31.8  30.9  31.9  28.1
 600      27.7  29.6  31.6  31.6  37.3  36.9  34.6  34.4  30.4  28.4  27.7  26.1
 500      23.9  26.1  28.3  30.1  33.6  33.6  31.3  30.6  28.3  25.5  25.8  22.9
 400      22.5  23.9  26.3  26.0  33.6  32.1  30.9  28.1  25.4  27.7  21.9  21.0
 300      29.5  28.4  33.8  56.2  71.6  47.3  43.8  37.0  32.6  41.8  26.2  25.4
 250      46.0  49.3  58.7  94.3 113.1  72.8  77.1  56.6  51.5  55.9  34.5  38.3
 200      62.5  74.5  95.0 124.6 115.3  98.5  86.3  72.2  65.5  61.5  50.6  58.6
 150     100.9 109.7 122.2 125.4 119.8  90.9  73.1  72.2  73.7  75.1  71.0  88.6
 125     123.8 120.3 133.0 149.7 115.6  97.9  82.6  80.8  78.3  88.7  89.4 108.3
 100     144.1 141.3 147.9 148.7 132.5 118.6  99.1  99.4 100.1 101.5 103.4 128.8
  90     153.6 145.6 154.4 164.2 134.7 123.8 107.5 106.7 107.8 110.0 114.7 141.9
  80     156.4 156.7 151.0 170.2 149.3 134.0 116.4 119.1 115.0 122.6 118.4 145.3
  70     165.4 169.7 164.6 176.5 160.1 134.4 122.7 125.3 124.5 128.6 119.0 151.4
  60     170.8 170.8 168.4 183.9 161.8 139.1 133.4 130.1 130.0 126.8 119.5 155.5
  50     162.4 160.3 164.7 174.4 161.4 136.6 131.1 131.4 128.0 125.7 125.9 151.0
  40     146.3 135.6 151.2 160.2 148.7 122.4 118.5 116.5 113.4 121.6 122.5 138.4
  30     111.3 115.4 126.2 134.1 122.1 104.2  93.3  88.9  99.9  98.1 103.6 111.0
  20      80.2  88.0  94.8  98.9  92.9  79.0  70.3  66.4  77.6  67.0  73.3  73.2
  10      47.8  45.9  49.6  55.7  52.0  49.7  47.1  40.9  42.7  31.9  32.9  41.2
               NUMBER OF SOUNDINGS
1000        11    14    25     8    17    12    15    13    14    12    13    12
 900        25    18    30    14    19    12    16    14    15    14    19    35
 800        25    18    30    14    19    12    16    14    15    14    19    35
 700        25    18    30    14    19    12    16    14    15    14    19    35
 600        25    18    30    14    19    12    16    14    15    14    19    35
 500        25    18    30    14    19    12    16    14    15    14    19    35
 400        25    18    30    14    19    12    16    14    15    14    19    35
 300        25    18    30    14    19    12    16    14    15    14    19    35
 250        25    18    30    14    19    12    16    14    15    14    19    35
 200        25    18    30    14    19    12    16    14    15    14    19    35
 150        25    18    30    14    17    12    16    14    15    14    19    35
 125        24    18    30    14    17    12    16    14    15    14    19    35
 100        24    18    30    14    17    12    16    14    15    14    18    34
  90        24    18    30    14    17    12    16    14    15    14    18    34
  80        24    18    30    14    17    12    16    14    15    14    18    34
  70        24    18    30    14    17    12    16    14    15    14    18    34
  60        24    16    30    14    16    12    15    14    15    14    18    34
  50        23    16    30    14    16    11    15    14    15    14    18    34
  40        23    16    30    14    16    10    12    14    15    13    18    29
  30        22    16    29    14    16    10    12    14    14    13    16    27
  20        21    15    29    14    16     9    10    14    14    12    10    24
  10        14    14    28    12    12     7     5     9    12    11     9    20
               STANDARD DEVIATION FOR EACH MONTH OVER ALL SOUNDINGS
1000       6.5   9.4   5.0  11.6  13.0   6.0   8.2   5.3   4.6   3.5   5.2   6.0
 900       3.5   4.1   3.4  12.2   8.3   7.0   8.2   4.6   4.4   2.8   2.8   4.6
 800       3.2   3.9   3.1  11.5   6.3   6.2   8.9   5.0   3.8   3.7   3.3   4.1
 700       3.0   4.4   2.6   6.5   5.6   5.2   7.4   6.0   5.7   2.6   7.4   4.2
 600       3.6   5.6   2.6   4.0   5.9   5.7   6.9   5.5   4.7   3.2   3.1   3.8
 500       3.3   5.0   2.3   4.0   4.7   4.8   5.5   3.6   4.3   2.7   4.7   3.0
 400       4.8   4.5   8.6   4.5   7.5   5.3   6.0   5.7   3.2   7.2   5.2   3.3
 300      17.5  13.8  19.2  23.2  33.7  33.0  25.8  17.2  23.6  20.5  14.3  14.2
 250      24.8  20.0  31.6  20.0  30.4  30.8  39.3  35.1  23.0  19.7  20.8  17.1
 200      18.5  26.0  26.3  30.1  28.2  19.2  18.4  11.6  10.7  13.9  19.4  18.6
 150      27.0  26.9  40.0  46.6  30.7  19.3  16.5  18.0  12.0  18.2  20.9  27.8
 125      35.3  43.6  38.4  59.6  36.0  19.5  20.3  15.7  12.9  17.6  26.4  31.7
 100      41.3  32.9  44.6  61.9  28.4  15.7  20.3  15.0  16.3  24.2  29.9  33.6
  90      42.1  29.0  39.4  55.5  23.1  16.2  16.3  12.9  16.7  23.7  30.3  27.5
  80      34.5  30.1  36.9  36.5  23.7  14.9  16.1  13.9  19.7  25.5  23.2  26.5
  70      27.1  22.1  30.1  41.6  21.3  16.3  18.2  15.1  18.8  18.1  23.0  24.5
  60      17.0  19.6  21.3  30.2  17.1   9.2  11.8  12.0  11.9  14.4  20.7  20.0
  50      11.9  14.1  19.1  19.8  11.3   7.0   9.5  10.4   8.1   7.3  15.6  13.4
  40      14.9  14.5  15.8  12.0  12.7  10.5  14.6  21.5  16.4  11.0  11.6  12.2
  30      12.8  14.1  14.1  15.4  15.8  12.3  11.2  16.1  21.7  16.8  11.7  18.9
  20      12.1  11.9  13.8  16.2  12.3  10.2   6.3  12.2  17.9  10.5  13.6  19.2
  10       6.1   4.0   7.7  11.2   5.5   5.2   2.8   5.4   5.4   5.0   6.0   7.6
