STATION CODE 233   Marambio   LOCF=0.8   HICF=1.2  (11/88 - 12/95)
PRESSURE  JAN   FEB   MAR   APR   MAY   JUN   JUL   AUG   SEP   OCT   NOV   DEC  
 
               OZONE MONTHLY MEAN OVER ALL SOUNDINGS IN MICRO-MB
1000        NA    NA    NA    NA    NA    NA    NA    NA    NA    NA    NA    NA
 900      10.0   9.8  15.6  20.0  23.3  23.1  27.3  24.5  24.6  20.9  15.9  14.4
 800      11.7  10.4  15.3  20.3  21.3  21.6  26.2  25.4  24.8  23.1  17.5  15.1
 700      13.1  11.2  14.8  18.6  19.7  19.6  24.3  24.6  23.3  22.6  17.8  16.4
 600      14.2  11.2  13.7  15.9  17.1  17.7  21.9  22.9  21.8  20.5  17.5  15.5
 500      13.5  13.3  13.1  15.2  15.1  15.4  19.3  20.5  20.4  18.7  16.4  14.7
 400      16.1  13.8  11.7  12.4  15.7  13.4  17.2  17.9  17.4  17.1  16.1  15.9
 300      29.6  28.2  32.4  11.8  19.9  12.9  16.6  18.0  16.8  17.7  19.3  23.1
 250      45.6  45.6  45.7  15.9  25.6  18.7  21.5  25.1  25.1  25.2  32.2  37.8
 200      51.5  47.8  41.6  36.4  35.0  41.8  38.4  45.3  38.0  38.3  42.3  49.9
 150      56.6  49.8  49.9  43.0  49.0  60.0  72.5  70.7  54.8  41.0  44.7  54.9
 125      65.9  67.8  64.2  50.3  76.6  71.0  86.8  74.7  55.6  39.2  44.4  64.4
 100      89.3  87.7  85.6  83.3  89.6  92.7  93.6  97.6  57.9  40.5  58.5  90.0
  90     100.8 103.2  95.2 102.3  72.0 100.2 111.8 100.0  59.3  45.2  66.5 104.1
  80     108.3 116.3 105.0 105.9  96.8 119.1 136.1 104.4  65.2  51.1  82.1 115.2
  70     126.2 120.7 117.4 103.2 134.9 102.2 136.6 104.6  68.6  61.5  90.6 125.4
  60     130.8 131.0 125.3 110.9 143.8 112.3 139.6 112.7  75.2  71.6 103.2 131.1
  50     132.5 133.2 128.6 113.0 131.0 146.1 137.8 115.0  87.2  77.4 112.9 131.5
  40     129.1 118.5 122.8 116.6 130.2 130.5 130.7 106.2  81.5  78.5 119.9 136.2
  30     113.2 100.7 107.7 103.0 107.7  87.7 112.8  87.7  73.3  85.6 120.7 122.8
  20      94.4  84.6  84.1  80.3  76.0  63.3  90.4  63.4  64.6  82.9  97.4  99.3
  10      53.3  55.2  45.7  44.9  36.0    NA  37.4  36.7  40.4  48.6  56.9  52.2
               NUMBER OF SOUNDINGS
1000        NA    NA    NA    NA    NA    NA    NA    NA    NA    NA    NA    NA
 900        12    11     7     4     3     7    19    34    40    44    39    19
 800        12    11     7     4     3     7    19    34    40    44    39    19
 700        12    11     7     4     3     7    19    34    40    45    39    19
 600        12    11     7     4     3     7    19    34    40    45    39    19
 500        12    11     7     4     3     7    19    34    40    45    39    19
 400        12    11     7     4     3     7    19    34    40    45    39    19
 300        12    11     7     4     3     7    19    34    40    46    39    19
 250        12    11     7     4     3     7    19    34    40    46    39    19
 200        12    11     7     4     3     7    19    33    40    46    39    19
 150        12    11     7     4     3     7    18    33    40    45    39    18
 125        12    11     7     4     2     7    17    33    40    45    39    18
 100        12    11     7     4     2     6    17    32    40    45    39    18
  90        12    11     7     4     2     6    17    32    40    45    39    18
  80        12    11     7     4     2     4    17    31    40    45    39    17
  70        12    11     7     4     2     4    15    31    40    45    39    17
  60        12    11     7     4     2     4    15    31    39    45    39    17
  50        12    11     7     4     2     2    14    30    39    44    39    16
  40        12    11     7     4     2     2    11    29    38    42    39    14
  30        12    10     7     4     2     1    10    29    36    42    37    14
  20        12    10     6     3     2     1     9    29    36    38    35    13
  10         8     6     6     2     2    NA     7    26    30    35    23     9
               STANDARD DEVIATION FOR EACH MONTH OVER ALL SOUNDINGS
1000        NA    NA    NA    NA    NA    NA    NA    NA    NA    NA    NA    NA
 900       2.6   2.8   2.1   1.0   5.8   8.7   5.5   5.9   6.3   5.6   3.2   5.6
 800       2.5   3.1   2.8   1.9   4.7   7.9   4.4   4.1   4.1   4.1   2.6   4.9
 700       3.1   2.6   2.8   2.0   4.5   6.9   3.2   4.8   3.9   4.6   3.4   5.0
 600       3.9   2.6   2.8   0.9   3.4   5.9   2.2   5.2   5.0   3.8   4.1   3.8
 500       3.5   4.4   2.2   3.2   2.9   4.8   2.4   6.3   5.4   3.8   4.4   3.0
 400       7.7   5.9   2.2   1.8   2.3   3.9   2.6   7.6   3.1   4.9   4.7   7.6
 300      18.5  18.2  17.6   1.4  14.8   5.8   6.9  10.2   6.1   7.3   7.6  17.0
 250      18.0  15.9  18.0   3.5  20.5  10.8  12.5  15.9  13.6  13.8  17.7  20.0
 200       5.5   6.1  10.7  10.9  22.1  18.6  16.9  20.0  16.6  13.8  16.3  19.6
 150       8.5  11.6  17.0  10.1  24.8  32.3  22.9  18.1  13.0  14.7  16.7  19.4
 125      14.9  15.9  17.2  12.3   2.3  41.4  25.8  16.3  14.7  17.3  24.4  29.2
 100      15.1  11.5  19.6  17.1   5.5  61.2  30.3  29.9  21.3  28.5  38.9  40.3
  90      12.6  13.0  21.6  24.4   8.1  68.2  34.7  32.2  28.4  34.9  44.3  43.1
  80      20.5  11.8  25.8  18.9   8.4  79.5  35.0  31.7  32.3  41.3  54.4  44.8
  70      12.6  12.0  13.6   6.7   6.2  66.1  21.0  27.4  32.3  48.4  55.3  46.5
  60      12.8  11.0  12.7  23.2   8.7  73.7  15.9  23.0  35.8  55.8  57.8  45.2
  50      11.9  11.8  11.7   8.8   6.2   5.5  15.0  24.4  39.0  54.3  57.4  40.3
  40      13.8  11.4  11.8   3.8   4.5  13.5  15.9  26.0  40.0  49.1  49.5  28.2
  30      18.2  23.9  12.9   4.1  15.8    NA  21.0  24.2  28.9  33.6  31.7  22.1
  20      17.1   8.8  15.2  13.9  27.6    NA  50.4   9.4   9.8  22.2  25.5  11.4
  10       7.2   6.6   7.2   2.7  11.0    NA   3.7   5.1   8.0  11.0  13.3   8.4
