STATION CODE 328 ASCENSION SHADOZ (01/98 - 12/02)
PRESSURE   JAN   FEB   MAR   APR   MAY   JUN   JUL   AUG   SEP   OCT   NOV   DEC
 
OZONE MONTHLY MEAN OVER ALL SOUNDINGS IN NANOBAR
1000      14.3  14.1  14.6  15.4  21.0  27.2  30.0  29.9  32.3  30.3  23.0  20.5
 900      16.4  20.7  17.1  16.2  21.4  28.3  30.6  29.6  32.5  30.5  23.7  22.3
 800      24.9  29.9  25.5  21.1  25.7  32.2  34.3  40.1  43.3  41.4  29.7  28.2
 700      29.8  29.8  27.2  25.2  28.8  32.4  36.7  41.9  48.9  47.9  34.2  30.9
 600      29.3  27.8  28.1  27.3  27.1  30.9  33.0  35.9  45.4  45.2  38.9  35.1
 500      28.1  27.9  28.2  26.3  23.5  26.7  28.6  32.2  38.6  42.0  36.4  34.8
 400      23.4  26.4  23.5  20.9  18.1  20.7  22.7  26.2  30.0  35.7  29.3  28.0
 300      17.3  19.8  17.7  15.6  13.4  16.5  18.2  18.8  21.4  24.5  21.5  19.0
 250      14.1  14.5  13.7  10.9  10.9  14.4  15.0  15.0  17.6  18.4  17.7  15.0
 200      11.6  10.6  10.5   8.6   9.4  11.8  12.2  12.9  14.4  14.7  14.1  12.9
 150      10.1   9.5   8.7   7.7   8.5  10.0   9.6  10.7  11.8  13.6  12.4  12.3
 125       9.1   9.5   7.9   7.0   7.8   8.6  10.0  10.1  10.5  11.7  11.1  12.6
 100       8.5   9.5   7.9   8.0   8.3   8.8  11.6  11.6  11.6  12.1  12.2  13.5
  90      10.1  10.0   9.5   9.3   9.9  11.8  16.4  17.8  15.7  15.7  14.4  15.0
  80      13.7  12.5  13.7  13.5  13.8  16.8  21.9  22.9  22.0  23.1  20.1  19.2
  70      22.9  22.8  23.1  22.2  21.1  24.6  31.5  31.7  35.8  35.3  30.6  30.8
  60      40.2  36.9  36.1  36.9  34.8  41.8  46.2  49.1  52.9  51.0  45.5  45.5
  50      59.4  59.0  56.2  60.5  56.0  62.0  65.3  64.9  66.7  69.5  66.3  62.9
  40      84.3  87.0  84.0  89.6  83.5  85.5  86.1  87.4  83.7  89.5  91.1  89.1
  30     111.0 113.2 109.5 117.9 116.4 114.0 111.2 113.3 113.4 122.2 119.7 119.2
  20     128.1 130.9 129.8 136.9 136.4 131.3 130.8 132.5 130.2 143.4 141.3 142.9
  10     105.0 111.4 111.1 105.7 112.9 107.3  99.3  99.6 101.9 121.3 113.1 121.2
NUMBER OF SOUNDINGS
1000        23    18    21    13    24    20    19    19    14    14    23    13
 900        23    18    21    13    24    20    19    19    14    14    23    13
 800        23    18    21    13    24    20    19    19    14    14    23    13
 700        23    17    21    13    24    20    19    19    14    14    23    13
 600        23    17    21    13    24    20    19    19    14    14    23    13
 500        23    18    21    13    24    20    19    19    15    14    23    13
 400        23    18    21    13    24    20    19    19    15    14    23    13
 300        23    18    21    13    24    20    19    19    15    14    23    13
 250        22    18    21    13    24    20    19    19    15    14    23    13
 200        21    18    21    13    24    20    19    19    15    14    23    12
 150        21    18    21    13    24    20    19    19    14    14    23    11
 125        21    18    21    13    24    20    19    19    14    14    23    11
 100        21    18    21    12    24    20    19    19    14    14    23    11
  90        21    18    21    12    24    20    19    19    14    14    23    12
  80        21    18    21    12    24    20    19    19    14    14    22    12
  70        21    18    21    12    24    20    19    19    14    14    23    12
  60        21    18    20    12    24    19    19    19    14    14    22    12
  50        21    18    18    12    24    19    19    19    14    14    21    12
  40        21    18    18    12    24    19    18    18    14    14    21    12
  30        21    18    18    11    24    19    18    17    14    14    21    12
  20        21    18    17    12    24    19    18    17    14    12    21     9
  10        19    16    16    11    21    18    17    16    14    11    19     9
STANDARD DEVIATION FOR EACH MONTH OVER ALL SOUNDINGS
1000       3.5   3.7   2.5   4.2   4.8   6.4   5.3   7.6   7.7   4.6   4.6   3.2
 900       4.4  13.9   3.7   4.6   4.8   6.8   6.3   9.0   8.7   4.5   4.8   4.3
 800       6.7  12.8   6.8   3.1   6.4   7.9   6.8  13.4  11.6   9.1   7.1   4.9
 700       5.2   5.8   7.4   3.3   6.1   5.6   6.5  11.4  12.9   8.0   8.7   7.7
 600       6.6   4.6   5.2   5.3   6.5   6.7   4.1   5.3  11.2   7.8   8.5   6.2
 500       7.2   4.4   6.5   4.1   5.3   6.0   4.6   4.6   9.5   8.0   9.5   4.3
 400       7.5   8.5   6.9   3.7   4.8   6.0   4.0   3.8   7.6   6.2   6.4   6.3
 300       5.8   8.1   5.0   3.3   4.7   4.2   3.4   3.7   6.2   5.0   4.9   5.6
 250       4.4   7.0   4.2   2.5   4.2   3.5   2.8   3.8   5.4   4.3   4.5   3.8
 200       3.1   5.9   3.4   3.1   3.4   3.3   2.5   3.7   4.5   2.7   4.3   4.0
 150       3.3   5.0   3.4   2.9   3.0   3.0   2.0   3.4   3.7   2.2   3.7   4.7
 125       3.2   4.3   2.8   3.2   2.9   2.4   2.0   2.7   2.8   2.7   3.0   3.8
 100       2.4   3.7   2.4   2.9   3.0   2.4   2.7   3.1   2.5   2.1   3.3   2.6
  90       2.3   3.0   3.1   3.0   2.4   3.3   4.3   3.9   3.9   3.5   4.6   5.4
  80       3.4   3.6   4.1   4.5   3.1   4.5   3.6   4.2   3.3   3.4   4.0   6.4
  70       3.5   4.2   4.7   6.2   4.0   8.4   6.0   4.6   6.6   3.7   3.7   3.4
  60       4.0   5.7   6.5   6.3   5.8   8.2   5.3   5.9   9.1   4.5   5.3   4.0
  50       6.4   7.8   8.8   6.9   6.4   7.8   5.6   7.7   9.9   6.5   6.0   6.2
  40       8.8  10.0   9.0  11.6   7.5  10.2   6.5   9.5  10.4   6.2   9.2  10.3
  30      11.9  11.4   9.7   7.3  11.1  11.8   5.4   8.8  15.1   6.8   8.6  10.2
  20      10.7  10.2   9.3   7.2   7.9   7.2   6.4   7.4  20.1   8.2   9.3   3.3
  10      11.5  10.6  12.0   8.2   8.4   6.4  12.7   6.9  18.8   7.2  11.7  12.1
