STATION CODE 24   Resolute   LOCF=0.8   HICF=1.2  (01/80 - 12/93)
PRESSURE  JAN   FEB   MAR   APR   MAY   JUN   JUL   AUG   SEP   OCT   NOV   DEC  
 
               OZONE MONTHLY MEAN OVER ALL SOUNDINGS IN MICRO-MB
1000      23.8  24.9  19.9  20.2  16.0  24.4  20.0  22.3  25.9  29.2  29.6  26.5
 900      25.9  30.0  31.1  31.0  25.2  31.0  23.9  24.6  27.7  30.8  30.0  28.2
 800      25.7  29.5  31.3  33.9  32.6  33.4  27.7  29.0  30.1  31.5  29.3  27.7
 700      24.6  28.6  29.3  33.3  35.0  34.5  31.5  30.7  29.6  30.5  28.2  26.1
 600      22.7  26.2  27.2  30.8  33.7  33.0  30.4  29.2  27.8  28.2  25.5  23.2
 500      20.9  24.0  25.3  28.4  32.7  31.3  28.5  28.5  24.2  24.7  23.4  20.7
 400      20.8  24.4  25.1  27.7  38.7  30.1  28.2  27.7  22.6  22.3  22.7  19.1
 300      32.8  43.0  53.2  57.5  80.7  50.6  46.9  34.9  29.3  29.0  37.4  28.2
 250      53.8  70.8  95.1 101.8 118.0  90.7  69.1  60.6  48.5  44.8  54.4  44.9
 200      81.7 100.5 132.6 130.1 130.0 108.4  90.0  74.8  64.1  60.2  66.0  67.2
 150     117.5 133.3 153.2 143.5 133.0  99.0  82.6  72.2  69.0  72.5 100.6 105.5
 125     146.0 152.8 170.3 155.8 133.4 103.6  92.9  84.3  84.7  88.8 122.4 120.2
 100     158.4 182.6 186.9 157.4 146.0 119.7 110.4 102.0 106.7 115.6 151.4 149.3
  90     165.9 197.3 190.6 170.2 151.6 130.2 119.3 112.3 117.0 126.1 162.0 154.1
  80     174.3 208.1 199.5 181.2 159.9 139.6 127.6 126.8 129.8 134.2 165.5 160.0
  70     179.1 209.4 202.5 191.0 171.5 148.8 135.2 133.5 140.3 140.6 161.8 165.4
  60     179.8 203.0 208.3 186.1 171.4 150.6 138.0 137.6 140.1 138.7 161.1 164.3
  50     176.8 191.3 200.0 178.3 164.9 144.3 131.0 131.2 128.4 131.1 154.0 166.3
  40     155.0 174.3 182.3 168.6 150.9 130.0 116.6 110.4 114.6 120.2 146.0 150.6
  30     124.6 159.2 151.6 143.0 125.4 110.2 100.2  95.9  96.0 106.4 130.3 136.2
  20      83.4 123.5 115.7 104.1  91.1  84.4  80.2  72.3  75.0  77.5  98.4  93.9
  10      44.5  55.9  57.6  58.5  57.5  53.4  53.4  48.3  45.1  44.0  39.7  38.1
               NUMBER OF SOUNDINGS
1000        41    30    45    43    43    39    37    26    30    41    29    31
 900        56    44    47    47    45    44    45    39    38    46    41    45
 800        56    44    47    47    47    44    45    40    38    46    41    45
 700        56    44    47    47    47    44    45    40    38    46    41    45
 600        56    44    47    47    47    44    45    40    38    46    41    45
 500        56    44    47    47    47    44    45    40    38    46    41    45
 400        56    44    47    47    47    44    45    40    38    46    41    45
 300        56    44    47    47    47    44    45    40    38    46    41    45
 250        56    44    47    47    47    44    45    40    38    46    41    45
 200        56    44    47    47    47    44    45    40    38    46    41    45
 150        56    44    47    47    47    44    45    40    38    46    41    45
 125        56    44    47    47    47    44    45    40    38    46    41    45
 100        54    43    47    47    47    44    45    40    38    46    41    45
  90        54    41    47    47    47    44    45    40    38    46    40    44
  80        50    40    47    47    47    44    45    40    38    46    38    44
  70        47    40    47    47    47    44    45    40    38    46    36    44
  60        42    39    47    47    47    43    45    39    38    46    35    42
  50        36    31    46    47    47    42    45    39    38    46    32    37
  40        28    28    44    47    47    42    44    39    37    45    30    30
  30        20    24    42    46    45    40    42    39    36    39    27    22
  20        13    23    38    43    41    40    41    39    35    34    22    17
  10         8     9    19    35    28    26    31    32    28    25     6     8
               STANDARD DEVIATION FOR EACH MONTH OVER ALL SOUNDINGS
1000       6.6   9.4   9.8  11.9  11.3   8.3   5.4   7.0   6.0   8.4   7.2   8.5
 900       6.2   8.7   8.2   9.5  11.4   9.4   5.7   7.2   6.0   8.0   7.1   6.4
 800       5.4   8.8   5.8   7.3  10.8   7.3   5.6   8.3   5.2   8.4   7.4   5.1
 700       4.7   9.0   5.0   6.6   9.0   6.2   7.7   9.2   5.8   9.7   6.9   5.3
 600       4.7   8.6   4.9   5.5   7.0   6.2   7.4   7.3   4.8   5.7   6.8   4.4
 500       5.0   7.5   5.7   5.8   6.5   6.3   6.3   6.6   4.8   4.8   5.5   3.9
 400       8.4  10.8   7.4   9.9  18.0   9.2   9.5  11.5   4.9   5.0   7.7   5.5
 300      17.4  27.0  25.2  32.8  32.8  32.4  30.8  23.2  19.1  14.9  16.1  15.0
 250      22.8  32.0  31.5  33.4  29.2  34.9  35.4  29.7  24.4  19.7  18.4  18.8
 200      26.7  35.4  28.5  26.8  27.2  18.2  14.3  12.9  15.1  28.4  19.0  24.2
 150      38.5  46.8  46.3  49.7  31.6  21.4  17.8  13.5  14.5  24.6  32.1  32.2
 125      40.9  45.7  53.4  50.0  38.9  17.1  17.2  14.2  17.5  25.8  36.9  40.2
 100      38.8  43.5  46.3  39.8  30.4  18.7  18.7  15.4  21.7  26.8  29.4  42.6
  90      35.5  42.3  44.9  34.7  26.3  13.9  19.9  16.2  20.7  27.5  28.9  39.1
  80      33.5  40.2  41.9  26.4  24.2  15.2  18.3  15.7  20.4  25.2  29.3  34.9
  70      30.0  35.9  33.7  25.3  22.3  13.6  16.4  14.8  19.7  22.4  27.3  29.4
  60      26.5  33.6  26.0  27.0  21.2  11.8  13.7  14.2  12.6  17.6  23.2  26.4
  50      23.0  35.9  24.9  22.5  13.6  12.2  14.8  14.8  12.3  11.1  24.9  30.7
  40      30.5  35.7  27.7  13.6  14.6  12.2  16.0  17.5  16.5  13.7  24.9  35.5
  30      31.3  26.3  30.3  11.7  13.2  12.3  13.0  18.4  19.6  19.7  24.4  37.3
  20      37.0  30.0  18.6  14.0  11.0   9.3   7.3  14.1  17.5  17.5  24.4  31.1
  10      25.4  33.0  15.9  11.4   7.2   5.4   6.7  10.3  10.6  13.7  15.8  21.6
