STATION CODE 328   Ascension   LOCF=0.8   HICF=1.2  (07/90 - 10/92)
PRESSURE  JAN   FEB   MAR   APR   MAY   JUN   JUL   AUG   SEP   OCT   NOV   DEC  
 
               OZONE MONTHLY MEAN OVER ALL SOUNDINGS IN MICRO-MB
1000      17.3  17.3  14.5  17.4  21.6    NA  29.6  36.1  31.2  25.3  21.4  15.9
 900      20.3  25.0  16.3  18.6  22.4    NA  36.2  37.6  31.3  28.9  18.0  20.0
 800      31.7  33.5  22.2  25.0  25.3    NA  42.4  47.3  54.7  44.6  23.5  28.4
 700      32.2  33.9  25.2  28.6  28.6    NA  36.9  49.1  52.1  47.1  28.1  31.9
 600      37.7  35.5  34.8  29.8  26.5    NA  43.2  41.1  44.5  42.2  32.7  36.1
 500      30.2  33.5  26.9  27.2  22.4    NA  37.6  30.3  38.7  43.4  36.6  32.4
 400      25.7  27.6  22.9  24.2  15.9    NA  32.0  24.6  28.9  34.3  29.4  28.3
 300      18.1  20.3  17.0  15.8  14.5    NA  21.0  20.7  21.3  24.5  29.4  21.3
 250      14.6  18.1  13.2  13.7  10.6    NA  17.4  17.5  18.9  19.5  20.4  16.9
 200      13.4  12.9  10.5  11.1   9.8    NA  15.3  14.0  16.1  15.8  15.6  14.0
 150      11.6  10.8   9.7   9.8   8.4    NA  12.2  10.6  13.0  12.8  11.3  12.1
 125      10.6  10.8   8.6   9.6   7.8    NA  11.6  11.5  11.6  10.0  12.8  11.0
 100      10.3  11.1  10.2  10.4   9.7    NA  13.3  12.2  12.6  10.0  12.6  13.0
  90      11.6  14.1  13.5  12.8  11.7    NA  14.5  18.1  15.7  11.6  16.0  13.8
  80      18.0  17.6  19.7  14.8  16.4    NA  22.5  24.9  23.1  17.2  19.2  17.8
  70      25.4  25.2  29.7  21.3  23.7    NA  30.0  36.0  33.7  27.8  33.3  29.4
  60      40.4  42.3  48.0  37.2  34.8    NA  40.6  47.1  48.8  41.7  50.5  43.6
  50      67.5  64.8  74.0  59.1  58.6    NA  69.8  67.1  67.0  59.6  65.4  65.9
  40      92.9  93.6  99.9  84.6  81.8    NA 105.0  94.3 100.1  89.2  85.2  86.8
  30     111.8 119.6 127.9 114.4 114.0    NA 126.6 126.4 129.7 115.4 110.8 111.9
  20     131.7 132.0 146.0 138.8 141.4    NA 142.0 140.2 153.3 140.6 124.6 134.8
  10     108.5 112.9  98.4 105.8 102.1    NA  74.4  87.9 100.6 104.9  71.6  96.6
               NUMBER OF SOUNDINGS
1000         6     5     5     7     4    NA     2     3    10    14     1     6
 900         6     5     5     7     4    NA     2     5    11    14     2     6
 800         6     5     5     7     4    NA     2     5    11    14     2     6
 700         6     5     5     7     4    NA     2     5    11    14     2     6
 600         6     5     5     7     4    NA     2     5    11    14     2     6
 500         6     5     5     7     4    NA     2     5    11    14     2     6
 400         6     5     5     7     4    NA     2     5    11    14     2     6
 300         6     5     5     7     4    NA     2     5    11    14     2     6
 250         6     5     5     7     4    NA     2     5    11    14     2     6
 200         6     5     5     7     4    NA     2     5    11    14     2     6
 150         6     5     5     7     4    NA     2     5    11    14     2     6
 125         6     5     5     7     4    NA     2     5    11    14     2     6
 100         6     5     5     7     4    NA     2     5    11    14     2     6
  90         6     5     5     7     4    NA     2     5    11    14     2     6
  80         6     5     5     7     4    NA     2     5    11    14     2     6
  70         6     5     5     7     4    NA     2     5    11    14     2     6
  60         6     5     5     7     4    NA     2     5    11    14     2     6
  50         6     5     5     7     4    NA     2     5    11    14     2     6
  40         6     5     5     7     4    NA     2     5    11    14     2     6
  30         6     5     5     6     4    NA     2     5    11    14     2     6
  20         6     5     5     6     4    NA     2     4    11    14     2     6
  10         3     3     4     4     2    NA     1     3     9     7     1     5
               STANDARD DEVIATION FOR EACH MONTH OVER ALL SOUNDINGS
1000       7.4   4.3   3.2   5.1   5.6    NA   9.0   7.3   9.2   6.8    NA   3.3
 900       8.4   6.2   2.3   4.7   5.1    NA   3.7   7.0   7.9   6.4   7.4   2.0
 800      11.5   6.5   4.0   3.8   5.4    NA   5.9   7.8  10.7  10.4   5.5   5.0
 700       9.9  10.2   5.6   6.9   4.3    NA   6.1   9.7  11.7   9.1   6.8   2.6
 600       8.0   4.5  11.7   5.9   4.0    NA   1.6   9.0   9.6   8.0   7.8   6.5
 500      10.6   9.2   7.9   4.6   4.3    NA   1.8   6.5   9.8   8.6   9.1   4.6
 400       6.7   9.8   7.5   6.7   0.8    NA   0.2   5.1   7.0   6.7   1.5   4.6
 300       3.8   9.0   6.9   4.0   2.4    NA   2.3   3.5   6.8   3.1   0.7   4.0
 250       1.6   7.2   3.9   3.6   2.0    NA   2.5   3.7   5.0   4.6   4.2   3.0
 200       0.7   4.7   3.6   2.3   4.8    NA   1.6   3.1   4.1   3.2   0.1   3.0
 150       1.3   5.5   2.6   3.5   0.9    NA   1.8   2.0   2.5   2.2   0.3   2.7
 125       2.0   4.3   2.0   2.5   1.1    NA   0.1   2.5   3.2   2.2   3.4   3.3
 100       1.9   4.4   2.0   1.9   2.5    NA   1.7   2.3   2.5   2.2   1.8   2.6
  90       2.0   6.7   1.4   2.8   2.5    NA   0.7   3.9   2.9   2.6   6.4   2.5
  80       4.7   7.5   2.7   3.3   1.9    NA   3.4   3.2   6.4   4.3   8.8   5.6
  70       8.4   9.7   6.4   3.3   2.3    NA   4.7   4.0   6.3   6.7  14.7   8.5
  60      10.0  14.5   7.5   6.6   3.4    NA   3.0   6.9   6.5   7.6  17.4   7.3
  50      10.5  13.0  10.6   9.8  12.7    NA   7.1  12.0   9.0   8.7  17.6   7.7
  40      12.3  18.4  11.0  10.8   9.6    NA  25.5   9.1  14.2  15.5  16.8   9.8
  30      10.0  23.8  15.1  10.8   7.2    NA   7.6   9.2  10.2  16.6  14.8   9.7
  20       9.2  12.3   5.6  12.8   5.2    NA   7.1   7.2  12.7  17.0  10.7  10.2
  10      23.8   6.3  18.0   6.7   1.3    NA    NA   7.5  16.0   5.6    NA  20.0
