STATION CODE 219 NATAL SHADOZ (01/98 - 12/02)
PRESSURE   JAN   FEB   MAR   APR   MAY   JUN   JUL   AUG   SEP   OCT   NOV   DEC
 
OZONE MONTHLY MEAN OVER ALL SOUNDINGS IN NANOBAR
1000      15.0  16.1  18.3  16.6  16.2  19.8  21.8  28.1  27.8  23.9  19.0  18.5
 900      17.3  19.3  20.2  17.3  16.7  20.6  23.0  28.5  29.5  25.9  21.8  19.8
 800      22.2  23.8  24.8  18.8  19.1  20.8  24.9  32.1  35.0  32.2  28.8  24.3
 700      25.9  26.9  27.0  19.3  20.1  22.9  27.5  33.1  40.5  37.9  39.5  30.6
 600      27.1  27.0  25.9  20.7  20.5  22.7  27.0  34.0  42.1  39.9  36.3  30.5
 500      25.7  26.3  25.3  20.5  19.1  21.3  26.1  28.4  35.5  38.8  34.7  26.5
 400      20.0  20.6  20.6  17.7  14.7  18.5  20.7  22.4  26.4  30.4  27.7  20.7
 300      14.2  13.9  13.5  11.8  10.8  13.4  16.5  16.6  21.9  20.8  21.7  16.3
 250      11.4   9.8   9.8   8.4   8.2  10.5  12.4  13.4  17.9  18.3  17.9  13.1
 200       9.0   8.5   7.6   6.8   7.0   9.2  10.7  10.9  13.6  15.7  15.6  11.7
 150       9.2   8.1   6.4   6.6   6.2   8.4   9.4   9.3  10.6  11.2  12.7  10.6
 125       9.7   7.7   6.6   6.8   6.0   7.8   8.6   8.6   9.4   9.7  11.1  10.0
 100      11.4   7.8   7.2   7.3   7.2   9.0  10.8  10.7  10.2   9.9  11.1  11.1
  90      11.6   8.9   8.6   9.2   9.8  12.9  15.6  16.8  14.9  13.8  14.4  13.1
  80      13.8  12.0  12.5  13.2  15.0  19.4  21.2  26.5  24.1  20.1  21.1  17.2
  70      22.8  23.4  22.7  24.0  23.5  29.5  32.4  38.4  37.3  31.6  31.5  27.1
  60      39.7  40.2  40.1  41.5  40.0  45.9  46.7  53.3  53.5  49.1  49.3  43.3
  50      59.7  60.7  61.6  64.8  61.9  65.6  67.7  68.9  72.0  68.6  67.6  63.8
  40      90.4  90.5  91.1  94.6  92.6  91.6  92.2  97.5  95.8  87.9  90.7  91.1
  30     124.3 117.8 118.3 124.5 124.9 122.9 122.0 125.0 122.9 118.5 122.3 121.2
  20     137.8 135.2 136.3 142.3 147.6 141.5 143.2 145.3 144.8 142.6 142.3 140.3
  10     112.8 115.5 105.7 108.3 107.9 104.4 107.8 107.5 117.4 114.1 116.0 111.7
NUMBER OF SOUNDINGS
1000        17    15    18    16    12    15    11    11    14    16    15    17
 900        17    15    18    16    12    15    11    11    14    16    15    17
 800        17    15    18    16    12    15    11    11    14    16    15    17
 700        17    15    18    16    12    15    11    11    14    16    15    17
 600        17    15    18    16    12    15    11    11    14    16    15    17
 500        17    15    18    16    12    15    11    11    14    16    15    17
 400        17    15    18    16    12    15    11    11    14    16    15    17
 300        17    15    18    16    12    15    11    11    14    16    15    17
 250        17    15    18    16    12    15    10    11    14    16    14    17
 200        17    15    18    16    12    15    11    11    14    16    15    16
 150        17    15    18    16    12    14    11    11    14    16    15    17
 125        16    15    18    16    12    14    11    11    14    16    15    17
 100        17    15    18    16    12    14    11    10    14    16    15    17
  90        17    15    18    16    12    14    11    10    14    16    15    17
  80        17    15    18    16    12    14    11    11    14    16    15    17
  70        17    15    18    16    12    14    11    11    14    16    15    17
  60        17    15    18    16    12    15    11    11    14    16    15    17
  50        17    15    18    16    12    15    11    11    14    16    15    17
  40        17    15    18    16    12    15    11    11    14    16    15    17
  30        16    15    18    16    12    15    11    11    14    16    15    17
  20        15    15    17    16    12    15    11    11    14    16    15    17
  10        14    15    17    16    11    13    11    10    14    16    14    17
STANDARD DEVIATION FOR EACH MONTH OVER ALL SOUNDINGS
1000       3.0   3.6   3.7   4.5   2.4   3.0   5.5   5.6   4.5   6.3   3.4   2.8
 900       4.3   3.4   3.9   4.4   2.0   2.8   5.3   5.8   5.9   6.9   3.9   4.8
 800       7.3   6.6   6.2   4.3   4.4   4.1   6.8   9.1   8.4  10.6   4.8   5.8
 700       6.7   8.1   6.3   4.2   5.7   6.8   9.3   9.6  10.9  10.6   5.9   6.1
 600       8.0   8.2   5.0   4.4   4.2   7.2   9.6   5.7   9.0   8.8   6.4   8.2
 500       6.5   5.7   6.6   4.4   4.6   6.0   9.0   5.0   7.3   5.9   5.4   8.0
 400       5.7   6.1   5.4   4.6   2.2   5.3   4.1   3.5   4.9   4.5   3.8   6.2
 300       4.0   5.0   3.0   3.0   2.0   4.0   3.7   4.3   3.9   6.3   3.5   5.1
 250       3.4   4.1   3.3   2.5   2.2   3.2   2.6   3.9   4.3   5.7   2.9   4.8
 200       3.2   4.5   3.1   2.0   2.4   3.1   3.3   3.4   4.8   5.3   4.2   2.7
 150       3.4   4.6   2.8   2.0   2.0   2.5   3.4   3.6   3.8   3.7   3.2   4.2
 125       3.4   4.1   2.9   2.1   1.7   1.6   3.5   3.4   2.8   3.0   2.8   3.7
 100       3.5   3.5   1.9   2.2   1.8   2.4   3.3   2.6   2.4   3.2   3.1   4.2
  90       3.2   3.7   2.3   1.8   2.0   3.7   5.3   3.9   2.8   4.1   4.1   5.4
  80       3.5   4.9   3.0   2.9   3.3   3.9   5.0   5.1   4.3   4.0   2.4   5.8
  70       5.7   6.8   6.0   4.7   4.9   3.8   7.5   6.1   5.5   5.3   4.0   6.9
  60       9.3   9.6   8.0   6.6   3.2   6.1   4.6   5.5   6.3   5.3   5.6   6.3
  50      13.9   9.2   7.8   6.3   4.9   5.1   5.1   4.1   6.0   5.8   5.2   6.4
  40      18.6   5.9  10.5   7.9   8.7   4.6   5.8   4.5   4.0   6.0   7.7   7.2
  30      11.5   5.6  14.2   8.8  10.3   6.8   6.3   9.0   9.8  12.8  14.0  16.6
  20      10.4   7.1  12.8  12.3  11.4   9.5  11.6  17.5   9.8  13.7  10.3  11.2
  10      13.8  20.5  14.1  11.8  10.6  11.8  10.1   9.1  10.2  10.7  16.8  16.3
