STATION CODE 7   Kagoshima   LOCF=0.8   HICF=1.2  (01/80 - 12/95)
PRESSURE  JAN   FEB   MAR   APR   MAY   JUN   JUL   AUG   SEP   OCT   NOV   DEC  
 
               OZONE MONTHLY MEAN OVER ALL SOUNDINGS IN MICRO-MB
1000      31.0  36.0  50.6  47.8  43.2  49.8  30.3  24.2  51.1  39.4  34.7  30.8
 900      32.4  36.3  43.6  50.7  48.5  46.1  23.2  30.8  45.9  36.8  36.2  31.1
 800      32.8  35.4  41.1  47.2  46.5  43.6  20.9  25.0  41.0  36.6  34.6  30.5
 700      30.7  32.4  37.2  41.8  42.4  42.8  22.3  31.2  35.7  33.4  31.9  29.4
 600      27.0  28.6  32.9  38.3  38.1  42.8  25.1  34.9  30.2  28.8  28.5  26.8
 500      22.2  24.7  28.0  34.5  33.7  38.1  24.5  28.3  27.6  26.3  24.7  22.4
 400      19.2  21.1  23.9  29.4  27.1  30.2  26.0  22.5  21.6  22.6  21.1  19.2
 300      18.2  16.9  21.5  25.4  24.3  23.4  19.4  18.3  15.2  16.5  19.2  16.4
 250      17.9  18.9  22.8  24.9  24.7  19.8  16.0  15.5  13.6  14.6  16.7  16.0
 200      15.8  17.5  20.2  25.4  22.1  16.6  13.1  14.1  11.9  13.2  13.1  13.4
 150      17.9  16.7  21.6  27.0  26.3  17.4  11.7  12.8  11.0  11.1  11.1  12.4
 125      20.2  16.8  22.7  28.6  27.4  21.6  14.1  13.1  11.8  11.3  12.0  13.8
 100      24.0  24.3  28.6  34.7  30.8  24.6  19.7  18.1  16.2  15.1  17.9  18.5
  90      29.2  33.6  36.2  39.4  33.3  32.6  27.0  27.2  21.6  20.1  22.3  23.2
  80      39.5  44.6  45.4  47.7  43.9  42.8  36.2  35.0  30.6  30.6  29.0  33.0
  70      55.3  59.7  58.6  59.3  64.0  53.5  54.1  50.9  45.3  42.9  44.6  48.6
  60      73.2  77.2  81.8  83.4  84.4  79.1  81.4  66.4  66.0  61.1  65.3  60.3
  50      94.5 103.0 106.0 107.7 109.0 107.0 100.7  84.6  87.0  82.3  80.6  80.9
  40     113.1 123.4 123.2 131.6 128.9 123.0 123.5 109.9 111.7 101.6  98.7 106.5
  30     125.5 135.9 132.1 141.8 144.0 137.2 144.1 128.3 134.2 124.3 124.0 124.2
  20     123.2 123.4 123.5 133.5 138.6 137.3 139.9 134.9 139.2 130.0 127.0 124.2
  10      69.0  73.5  81.4  81.7  86.7  90.8  85.9  89.7  83.8  81.0  75.7  71.5
               NUMBER OF SOUNDINGS
1000         4     3     7     4     5     6     6     6     7     5     6     6
 900        20    21    23    18    19    15    14     9    19    25    21    22
 800        20    21    23    18    19    15    14     9    19    26    21    22
 700        20    21    23    18    19    15    14     9    19    26    21    22
 600        20    21    23    18    19    15    14     9    19    26    21    22
 500        20    21    23    18    19    15    14     9    19    26    21    22
 400        20    21    23    18    19    15    14     9    19    26    21    22
 300        20    21    23    18    19    15    14     9    19    26    21    22
 250        20    21    23    18    19    15    14     9    19    25    21    22
 200        20    21    23    18    19    15    14     9    19    25    21    22
 150        20    21    23    18    19    15    14     9    19    25    21    22
 125        20    21    23    18    19    15    14     9    19    25    21    22
 100        20    21    23    18    19    15    14     9    19    25    21    22
  90        20    21    23    18    19    14    14     9    19    25    21    22
  80        20    21    23    18    19    14    14     9    19    25    21    22
  70        20    21    23    18    19    14    14     9    19    25    21    22
  60        20    21    23    18    19    14    14     9    19    25    21    22
  50        20    21    23    18    19    14    14     9    19    25    21    22
  40        20    21    23    18    19    14    14     9    19    25    21    22
  30        20    21    23    18    19    14    14     9    19    25    21    22
  20        20    21    23    17    19    14    14     9    19    25    21    22
  10        18    18    19    15    16    11    11     9    16    22    19    20
               STANDARD DEVIATION FOR EACH MONTH OVER ALL SOUNDINGS
1000       5.5   1.7   6.7  19.7  15.1  22.8  27.2  15.6  17.9   6.1   9.0   3.7
 900       5.2   4.9  11.5  10.2  17.0  15.2  18.4  17.5  19.0   9.2   7.1   6.5
 800       4.0   4.2   8.0   7.6  15.2  14.9  13.1  13.4  16.8   8.3   4.8   5.0
 700       4.2   4.0   4.8   5.0  11.3  12.7  10.9  16.5  15.9   9.4   5.7   3.7
 600       4.7   4.3   4.3   5.3  11.3  12.6   9.4  13.9  10.2   8.5   4.7   2.7
 500       4.0   4.0   4.5   6.2  11.0  11.5   7.3   7.6   6.5   7.4   4.6   2.7
 400       3.0   3.8   4.6   4.9   7.8   7.9   5.9   6.3   5.4   6.0   4.3   3.3
 300       9.1   4.4   6.9   8.6   8.7   8.4   3.5   4.2   2.9   5.1   5.5   3.6
 250       8.1   8.3   9.9  15.5  11.7   7.0   3.4   4.1   2.8   4.2   6.9   6.3
 200       7.1  10.7  10.1  21.5  12.0   9.3   3.7   3.4   3.1   3.9   5.6   5.9
 150      13.8  12.1  13.1  15.7  18.3   8.4   3.3   2.4   3.9   3.5   4.3   5.7
 125      17.1  11.7  13.0  17.0  17.4  11.8   6.6   3.6   4.4   3.2   5.8   6.3
 100      12.0  12.8  16.0  18.1  14.5  12.4   8.2   4.8   5.7   5.0  11.3   9.7
  90      12.9  18.3  16.4  19.4  15.2  12.9   8.9   8.9   7.6   6.2  11.2  13.7
  80      19.1  25.6  18.5  19.3  18.7  13.8  12.3   8.5   9.1   7.2  13.6  19.4
  70      25.2  29.4  22.2  22.5  20.4  15.0  12.8  11.6  10.2   8.8  17.2  21.0
  60      24.6  27.1  27.3  24.1  21.9  13.3   9.7  11.3   9.5   8.6  16.8  23.2
  50      21.7  29.3  27.9  25.9  13.4   9.7  14.4  11.6  10.1   8.3  16.0  22.2
  40      22.2  26.3  23.5  21.1  11.7   9.1  15.5  11.7  13.0  10.4  12.7  20.8
  30      12.4  17.3  15.2  17.4   9.5   6.7  14.5   9.4  13.7  13.9  11.8  16.9
  20       9.7   8.7  12.1  14.2   8.9  10.5   6.8   6.2   8.7  12.3   7.6   9.0
  10       5.8   5.9   8.8  11.4  13.6   6.8   6.1   4.5  12.0   8.1  11.6   7.3
