STATION CODE 436 REUNION SHADOZ (01/98 - 12/02)
PRESSURE   JAN   FEB   MAR   APR   MAY   JUN   JUL   AUG   SEP   OCT   NOV   DEC
 
OZONE MONTHLY MEAN OVER ALL SOUNDINGS IN NANOBAR
1000       8.7  10.5  10.6  16.2  21.4  20.7  24.8  27.3  26.5  25.0  17.2  11.4
 900      12.8  13.1  14.0  19.7  25.0  23.5  26.7  28.7  27.7  28.0  20.7  13.4
 800      16.1  13.8  14.9  22.5  23.5  24.4  23.0  29.3  30.1  32.6  23.6  16.6
 700      20.6  17.1  19.5  25.5  21.9  23.9  23.7  32.5  38.2  37.7  33.5  23.4
 600      23.4  21.1  19.4  27.5  21.0  22.1  26.8  31.9  34.7  41.0  36.4  25.7
 500      22.8  21.9  18.8  24.0  20.6  23.1  26.0  32.0  32.0  38.1  33.6  24.8
 400      20.0  19.9  16.7  22.1  18.8  21.8  24.0  26.5  28.9  32.4  29.8  21.2
 300      16.6  16.3  13.1  17.6  16.3  19.6  18.7  19.9  23.8  23.3  25.0  17.5
 250      12.6  12.5  10.5  15.0  14.3  16.7  14.1  14.7  20.1  18.5  19.5  14.0
 200      10.7  11.3   9.6  12.0  10.8  12.5  11.1  11.3  14.5  16.5  17.4  11.7
 150       9.7  10.7   9.4  10.8   9.5  11.2  11.6  10.8  12.2  15.2  17.2  12.4
 125       9.7  10.3   9.0  10.4  10.2  11.4  12.3  12.6  12.5  14.8  15.7  12.9
 100      11.2  10.6   9.8  11.2  10.3  12.3  13.4  15.1  15.2  17.3  15.9  14.3
  90      15.4  13.6  12.5  12.9  11.4  14.0  15.5  19.3  19.4  22.8  20.4  15.7
  80      21.5  19.3  17.7  16.4  15.2  18.6  19.6  28.3  31.6  29.7  27.0  22.2
  70      29.9  30.0  26.5  26.9  23.4  25.2  34.5  47.8  46.5  43.0  40.3  36.7
  60      44.9  43.2  44.0  44.5  40.8  42.5  62.7  71.9  68.9  68.2  62.1  57.5
  50      66.3  63.9  62.1  66.4  66.8  73.2  90.5  95.5  92.4  94.5  86.2  78.7
  40      94.1  90.6  89.0  91.1  92.1 105.1 118.5 128.6 117.4 116.1 110.4 102.5
  30     119.4 117.4 119.9 121.7 126.4 133.0 131.5 136.4 133.0 131.5 127.9 121.2
  20     130.8 132.2 134.9 136.9 131.9 127.0 120.8 120.0 119.8 131.8 131.6 128.9
  10      99.1 101.2  95.8 102.2  89.6  82.8  79.0  81.3  92.3  92.9 105.8 107.8
NUMBER OF SOUNDINGS
1000        14    17    11    14    12    10    17     6     9    12    12    12
 900        14    17    12    14    13    10    17     7     9    12    12    12
 800        14    17    12    14    13    10    17     7     9    12    12    12
 700        14    17    12    14    13    10    17     7     9    12    12    12
 600        14    17    12    14    13    10    17     7     9    12    12    12
 500        14    17    12    14    13    10    17     7     9    11    12    12
 400        13    17    12    14    13    10    17     7     9    11    12    12
 300        12    17    12    14    13    10    17     7     8    11    12    12
 250        12    17    12    13    13     9    17     7     9    11    12    12
 200        12    17    11    13    12    10    17     7     9    11    12    12
 150        12    16    11    13    12    10    17     7     9    11    12    12
 125        12    17    11    13    13    10    16     7     8    11    12    10
 100         9    15    10    10    13    10    15     7     9    10    12     9
  90        12    15    10    10    11     8    15     6     9    10    12     8
  80        12    16    10    11    11    10    16     6     9    10    12     8
  70        12    12     9    10    11     9    15     7     9    10    10     9
  60        12    13    10    11    13     8    15     7     8    10    11     9
  50        12    14     9    11    13     8    15     7     9    10    11     9
  40        12    14    10    12    12     8    16     7     9    10    11     9
  30        11    14    10    12    11     9    15     6     9    10    11     9
  20        12    13     9    11    11     9    13     6     9    10     9     8
  10        12    11     8    10    10     9    13     6     8     5     9     7
STANDARD DEVIATION FOR EACH MONTH OVER ALL SOUNDINGS
1000       4.6   3.6   2.9   4.1  15.0   3.9   4.0   2.6   3.7   6.3   3.6   5.1
 900       4.4   3.7   3.8   4.5  11.2   2.6   2.9   3.5   3.7   5.7   4.0   6.2
 800       6.3   4.3   3.0   4.1   8.7   4.8   6.2   5.1   6.5   9.7   3.2   7.0
 700       6.3   7.0   5.0   7.2   6.5   3.9   4.5   6.5  10.1   6.7   3.5  11.5
 600       7.2   7.9   5.9   8.7   6.3   3.7   5.7   5.1  11.3   5.6   5.2  13.5
 500       6.3   6.1   5.5   7.1   3.7   4.5   5.4   2.0   8.0   4.8   4.7  12.1
 400       5.7   5.2   5.4   6.6   3.1   4.4   3.0   4.9   4.9   4.7   5.0   6.0
 300       4.9   5.0   5.9   5.9   3.7   5.3   3.4   3.9   5.7   5.0   4.8   4.6
 250       4.7   4.4   4.8   5.7   3.4   2.9   3.8   3.0   3.9   5.9   3.7   4.2
 200       3.4   4.3   4.5   4.3   3.3   1.9   3.2   3.4   4.1   5.2   2.9   4.2
 150       3.8   4.0   4.4   3.2   1.9   2.1   2.2   2.4   2.5   3.8   2.7   3.7
 125       3.4   3.4   4.3   2.5   1.1   1.2   2.1   1.0   1.7   3.1   2.1   3.1
 100       2.3   3.4   2.7   3.0   1.5   1.7   2.1   1.8   2.1   4.3   2.8   2.0
  90       4.2   2.8   3.2   3.0   1.5   3.5   1.9   3.0   2.9   6.6   3.6   2.7
  80       3.3   3.8   4.0   3.4   2.5   5.6   4.4   9.6  11.6   5.1   4.8   4.0
  70       4.6   3.5   3.9   2.3   4.6   7.2   6.7  15.5  11.8   5.5   8.0   6.4
  60       3.8   4.4   4.8   6.1   6.8   9.9  13.1   8.7   7.0   5.9  11.6   9.7
  50       4.8   5.0   7.3   5.4   7.2  15.2  13.9  16.6  11.7   6.4   7.7   8.3
  40       4.9   4.1   7.8   2.7   5.9  11.5  13.0   8.4  15.9   8.2  12.9   8.2
  30       6.1   4.5   8.4  10.6   5.1   8.3   7.9   4.8   5.6   4.3   3.7   7.0
  20       6.6   3.7   5.7   5.0   5.0   7.3   7.2   5.0   6.4   6.7   3.8   2.9
  10       9.4   8.2   7.9  12.3  14.8   5.7   8.8  10.1   8.0  21.0   9.2  12.1
