STATION CODE 315      LOCF=0.8   HICF=1.2  (11/92 - 12/95)
PRESSURE  JAN   FEB   MAR   APR   MAY   JUN   JUL   AUG   SEP   OCT   NOV   DEC  
 
               OZONE MONTHLY MEAN OVER ALL SOUNDINGS IN MICRO-MB
1000      28.3  26.5  21.4  18.9  19.1  23.6  18.0  20.8  22.6  29.4  26.8  29.0
 900      30.3  29.8  31.6  35.6  28.3  25.4  22.4  23.5  26.8  31.6  29.6  30.8
 800      29.2  28.8  32.8  35.2  35.8  28.4  26.2  25.9  27.7  29.9  27.7  29.5
 700      27.3  27.4  30.9  35.0  37.1  32.6  31.1  26.9  27.4  27.9  27.1  27.4
 600      24.3  24.6  28.2  33.0  34.0  32.3  31.4  26.1  26.4  27.0  26.0  25.4
 500      21.3  21.3  24.8  29.1  29.4  27.9  25.5  24.9  25.5  24.4  25.2  22.6
 400      20.1  19.2  24.3  24.2  35.7  27.7  25.8  23.4  28.2  22.1  23.1  21.0
 300      37.7  26.7  41.9  42.4  68.0  45.6  35.0  31.2  38.5  33.4  34.5  34.4
 250      55.7  51.6  79.5  71.5 106.3  79.1  48.6  51.7  65.5  55.4  47.5  52.8
 200      81.9  86.2 105.9  99.5 112.6  90.3  76.2  64.1  64.1  57.6  59.9  68.8
 150     104.9 126.3 125.7 109.2 104.9  90.8  72.6  71.6  77.3  82.4  75.1 102.2
 125     133.1 145.7 137.1  98.5 111.7  92.5  83.2  79.9  91.0  92.6 101.5 128.4
 100     158.0 164.3 152.9 134.8 132.7 104.7  94.6  98.6 105.7 123.2 132.7 150.4
  90     157.6 172.6 159.4 130.3 130.7 106.5 100.2 109.0 114.5 131.3 134.2 163.6
  80     169.5 180.0 168.0 158.3 136.3 118.1 109.6 118.0 122.0 134.1 141.1 163.8
  70     172.2 169.0 172.6 156.4 151.9 127.8 119.2 130.7 131.3 142.5 146.7 166.8
  60     170.5 163.2 170.3 155.6 157.5 130.4 123.0 132.5 131.0 138.5 145.9 165.6
  50     166.3 157.6 167.4 154.2 163.4 127.7 116.9 126.3 121.8 128.6 143.0 159.1
  40     152.5 146.2 153.6 156.3 151.8 112.2 103.0 119.0 113.7 115.8 129.5 142.9
  30     128.8 123.5 131.2 132.5 124.8  94.1  81.0  94.6  93.5  98.6 109.0 114.2
  20      93.0  90.7  96.2  94.6  82.0  65.8  66.4  62.3  70.4  66.6  83.2  78.3
  10      45.9  44.4  56.2  55.6  49.0  46.4  46.8  38.6  38.8  33.4  40.7  38.4
               NUMBER OF SOUNDINGS
1000        23    19    25    11     9    11     8    14    10    12    17    40
 900        26    22    25    11     9    14     8    14    13    12    19    41
 800        26    22    25    11     9    14     8    14    13    12    19    41
 700        26    22    25    11     9    14     8    14    13    12    19    41
 600        26    22    25    11     9    14     8    14    13    12    19    41
 500        26    22    25    11     9    14     8    14    13    12    19    41
 400        26    22    25    11     9    14     8    14    13    12    19    41
 300        26    22    25    11     9    14     8    14    13    12    19    41
 250        26    22    25    11     9    14     8    14    13    12    19    41
 200        26    22    25    11     9    14     8    14    13    12    19    41
 150        26    22    25    11     9    14     8    14    13    12    19    41
 125        26    22    25    11     9    14     8    14    13    12    19    41
 100        26    22    25    11     9    13     8    14    13    12    19    41
  90        26    22    25    11     9    13     8    14    13    12    19    41
  80        26    22    25    11     9    13     8    14    13    11    19    41
  70        26    22    25    11     9    13     8    14    13    11    19    41
  60        26    22    25    11     9    13     8    13    13    11    19    41
  50        26    21    25    11     9    13     8    13    13    11    19    40
  40        26    21    25    11     9    13     8    13    13    11    19    40
  30        26    21    25    11     9    12     7    12    13    10    19    39
  20        25    18    25    11     7    11     7    12    13     9    18    37
  10        20    18    21    10     4     7     4    11    12     5    14    28
               STANDARD DEVIATION FOR EACH MONTH OVER ALL SOUNDINGS
1000       6.1   7.7  11.6  12.4  10.3   7.8   5.2   4.5   6.8   4.8   6.8   4.2
 900       5.6   6.3   4.6   6.3   8.1   4.9   5.4   4.7   4.1   3.2   4.8   4.5
 800       5.2   6.3   3.1   5.7   5.0   5.5   8.8   5.8   4.3   3.4   4.6   4.2
 700       4.6   5.1   2.7   4.9   4.4   7.6   4.6   5.0   4.4   4.7   4.8   4.2
 600       4.3   4.5   2.2   4.0   5.7   4.4   6.7   4.6   4.3   4.9   4.7   4.2
 500       4.5   4.1   2.5   4.9   5.7   6.5   5.7   5.8   4.7   4.3   6.7   4.7
 400       6.4   4.4   4.6   3.8  11.4  12.2   8.5   5.2  19.3   3.3   7.2   6.6
 300      23.8  12.5  19.9  16.7  37.2  25.4  27.1  24.7  23.3  15.5  16.5  14.2
 250      26.7  23.7  26.0  25.7  21.0  27.0  30.4  29.6  16.8  19.5  18.9  14.5
 200      32.2  24.7  23.0  12.6  12.5  15.2  15.2  18.1  13.3  10.6  15.1  12.3
 150      42.8  39.5  24.0  24.2  29.8  18.9   9.8  12.1  12.9   9.6  22.8  32.8
 125      48.3  40.1  32.1  22.8  27.0  18.6  10.3  17.5  18.2  20.7  35.2  30.4
 100      50.3  42.0  36.6  34.9  31.6   9.6   9.6  15.1  21.7  20.2  25.6  32.5
  90      48.9  44.1  35.8  23.1  28.7  12.3   8.5  16.1  18.0  20.6  20.4  30.2
  80      46.6  35.4  39.1  33.4  16.9  15.2   8.1  12.7  18.1  15.8  21.6  27.7
  70      45.4  29.2  42.6  34.0  15.6  15.4   9.7  12.7  15.0   8.9  20.7  27.2
  60      38.4  33.6  44.9  25.0  15.0  14.7   7.7  12.1   9.9   8.0  23.0  26.9
  50      37.9  31.4  42.8  25.8  17.1  18.4  11.4  13.4  13.4  12.3  19.3  26.2
  40      32.4  32.4  39.1  23.0  18.4  19.7  15.9  15.4  20.7  15.2  16.4  27.6
  30      29.2  23.3  29.5  19.1  20.4  20.1   9.9   7.4  20.1  18.6  16.5  28.6
  20      30.7  19.7  28.7  11.1   8.4  10.8   7.7   8.1  15.5  12.4  16.7  23.9
  10      12.7  16.1  15.5   3.4   5.0   8.0   2.2   3.7   8.0   8.0  13.0  12.0
