STATION CODE 432 TAHITI SHADOZ (01/98 - 12/99)
PRESSURE   JAN   FEB   MAR   APR   MAY   JUN   JUL   AUG   SEP   OCT   NOV   DEC
 
OZONE MONTHLY MEAN OVER ALL SOUNDINGS IN NANOBAR
1000       9.4   8.4   9.5  11.0  13.3  19.4  16.5  20.5  17.8  18.1  15.8  15.8
 900      10.9  10.3  11.3  11.5  15.9  21.2  20.8  19.7  20.8  20.4  16.6  13.4
 800      12.2  11.0  11.6  11.8  16.4  21.4  20.6  18.8  19.9  22.3  18.5  15.1
 700      11.3  11.2  10.9  12.5  15.7  22.7  22.3  20.8  23.8  24.1  21.8  16.9
 600      12.0  10.9  12.8  12.9  16.9  20.8  22.7  20.5  23.6  23.6  19.6  15.6
 500      11.4  10.1  12.7  11.0  15.8  18.1  20.1  17.1  22.4  20.8  22.2  15.3
 400       9.3   8.3   8.9   8.0  12.6  13.9  15.9  10.3  18.6  16.5  17.4  12.2
 300       7.4   5.7   6.6   6.9   8.2   9.0  12.0   8.6  11.1  13.4  13.3   9.4
 250       5.3   4.6   4.9   5.4   6.4   8.1  11.2   7.8   7.1   9.3  11.5   7.6
 200       5.2   3.0   3.2   4.7   5.3   8.2   8.8   7.5  10.0   8.1  11.4   7.9
 150       7.2   2.6   4.0   4.0   5.5   9.0  10.2   6.7   9.4   8.6  13.8  10.5
 125      11.8   7.5   8.0   5.8   8.4   9.2  11.1   8.9  10.3   9.4  15.4  14.4
 100      15.8  10.3  10.7   9.7  10.3   9.8  13.8  10.5  15.4  17.5  18.4  20.7
  90      13.9  12.8  11.4  14.3  11.3  12.2  19.3  14.1  23.1  27.6  25.0  26.1
  80      18.6  16.9  14.8  19.4  13.4  16.1  24.6  23.5  30.9  38.6  32.8  31.7
  70      26.6  27.1  21.8  24.6  19.4  25.5  37.0  43.7  41.9  51.1  48.8  38.6
  60      42.4  39.4  35.9  38.9  34.4  47.7  56.4  63.0  58.0  65.6  66.5  50.8
  50      66.9  58.6  56.5  58.8  61.0  71.0  76.7  82.6  81.6  85.5  76.2  65.9
  40      89.3  85.4  83.0  85.4  89.6  88.0  94.7  97.1 108.2 102.3  98.4  91.5
  30     117.1 119.3 112.7 118.2 117.2 113.7 123.8 123.1 125.9 119.6 123.3 120.3
  20     133.9 131.0 138.7 134.0 133.0 131.6 128.4 125.3 128.5 129.0 132.6 129.2
  10      77.1  89.8  90.5  83.2  76.8  75.2  76.9  89.1  93.2  94.8 102.1 103.8
NUMBER OF SOUNDINGS
1000         3     6     8     9     9     7     6     4     6     7     5     4
 900         3     6     8     9     9     7     7     4     6     7     5     4
 800         3     6     8     9     9     7     7     4     6     7     5     4
 700         3     6     8     9     9     7     7     4     6     7     5     4
 600         3     6     8     9     9     7     7     4     6     7     5     4
 500         3     6     8     9     9     7     7     4     6     7     5     4
 400         3     6     8     9     9     7     7     4     6     7     5     4
 300         3     6     8     9     9     7     6     4     5     7     5     4
 250         3     5     8     9     9     7     6     4     5     7     5     4
 200         3     5     8     9     9     7     6     4     5     7     5     4
 150         3     5     8     9     9     7     6     4     5     7     5     4
 125         3     6     8     9     9     7     6     4     5     7     5     4
 100         3     6     8     9     9     7     6     4     5     7     5     4
  90         3     6     8     9     9     7     6     4     5     7     5     4
  80         3     5     8     9     9     7     6     4     5     7     5     4
  70         2     5     8     9     9     7     6     4     5     7     5     4
  60         2     5     8     9     9     7     6     4     5     7     5     4
  50         3     5     8     9     9     7     6     4     5     7     5     4
  40         3     5     8     9     9     7     6     4     5     7     5     4
  30         3     4     7     9     9     7     6     4     5     7     5     4
  20         3     4     7     9     8     7     6     4     5     7     5     4
  10         2     4     5     9     8     7     6     4     5     7     5     4
STANDARD DEVIATION FOR EACH MONTH OVER ALL SOUNDINGS
1000       4.8   2.8   3.5   3.0   7.6   7.5   6.3   5.3   4.7   6.9   1.9  10.6
 900       3.0   2.3   2.4   1.6   5.8   6.6   4.4   5.4   4.4   5.2   2.7   2.3
 800       3.7   4.6   3.8   1.5   6.4   7.5   4.0   6.5   3.6   7.4   4.1   2.6
 700       3.9   4.6   2.8   2.1   6.6   6.4   4.1   2.2   4.9   8.7   5.0   2.8
 600       4.6   4.7   1.8   2.7   5.5   4.6   2.1   4.0   9.9   5.4   3.2   2.6
 500       3.6   4.1   2.6   1.4   5.2   4.0   1.7   6.1   8.4   7.0   7.0   2.8
 400       2.3   3.4   1.3   1.6   3.7   5.1   3.5   4.9   7.4   5.0   2.2   5.1
 300       2.6   1.8   1.5   2.3   2.4   5.1   2.6   3.7   3.9   8.2   1.2   6.1
 250       1.1   2.3   2.2   2.0   2.7   4.1   2.5   2.3   3.4   7.2   2.7   5.1
 200       3.7   2.5   1.2   2.3   2.9   2.7   2.6   2.6   2.8   6.5   5.5   5.8
 150       5.6   1.8   2.0   1.8   2.2   2.9   1.5   3.4   2.5   4.0   4.8   4.6
 125       9.1   5.2   3.2   2.5   1.6   2.3   2.8   2.5   2.4   2.1   6.3   4.3
 100      12.2   5.9   3.6   3.1   2.6   3.0   4.7   1.7   6.9   7.3   5.8   3.6
  90       8.5   2.7   3.1   2.5   2.5   3.4  10.3   0.9  10.3   7.8  10.0   1.0
  80       4.8   2.4   2.8   3.2   2.8   3.5   7.8   4.4   4.0   8.8   8.5   0.6
  70       3.7   2.5   2.6   4.3   3.3   9.0   8.3  14.6   7.6  11.0   5.5  10.6
  60       1.1   1.0   3.9   4.6   3.8  18.2  17.3  15.6  12.0   7.0   8.0   7.3
  50       7.2   2.1   4.4   5.5   7.4  11.5  14.9   4.4  11.7   7.9   3.8   3.9
  40       2.2   5.0   6.2   5.5   4.7   6.6  10.1   5.5  15.0   4.0   8.0   5.1
  30       4.8   6.1   5.5   2.7   6.5   6.4   7.3   3.8   4.9   4.9   5.7   3.7
  20       2.7   6.4  28.3   4.4   5.3   5.2   8.9   8.4   4.6   6.6   3.1   2.2
  10       9.0  14.0   9.0   9.4   8.2   9.7  13.5  21.4  12.7   7.5   8.0  14.1
