STATION CODE 219   Natal   LOCF=0.8   HICF=1.2  (11/78 - 10/92)
PRESSURE  JAN   FEB   MAR   APR   MAY   JUN   JUL   AUG   SEP   OCT   NOV   DEC  
 
               OZONE MONTHLY MEAN OVER ALL SOUNDINGS IN MICRO-MB
1000      17.4  14.2  18.3  14.7  16.7  19.2  22.7  24.8  27.6  27.8  22.5  20.3
 900      17.4  16.3  19.1  15.4  17.1  19.7  23.9  26.2  29.9  27.6  23.1  21.3
 800      22.8  21.8  21.4  18.5  19.1  22.4  27.3  29.4  37.7  35.3  30.2  29.4
 700      27.3  25.2  24.9  21.0  20.1  24.7  27.4  33.0  42.0  41.5  35.9  36.3
 600      28.8  24.6  24.2  21.5  20.0  23.7  28.2  35.1  39.9  38.9  34.7  36.5
 500      29.1  24.3  23.2  22.0  19.3  22.3  26.6  31.8  37.5  37.2  31.3  33.3
 400      22.4  21.2  19.9  17.4  15.1  20.4  23.6  26.5  29.1  30.1  24.1  26.5
 300      14.7  15.0  16.9  12.2  10.6  15.3  19.0  19.0  21.7  20.6  18.5  20.2
 250      13.8  13.9  13.9  10.4  10.8  14.2  16.7  17.0  20.3  20.1  17.2  17.6
 200      11.8  11.2  10.6   8.5   7.7  10.8  15.4  13.2  15.6  16.0  11.8  14.1
 150      10.5  13.9  12.4  10.2   9.4  11.7  14.2  13.0  14.6  13.6  12.8  15.0
 125      10.4  13.6  13.1   9.8  10.1  12.4  13.9  12.5  12.9  12.9  13.5  15.7
 100      12.9  13.5  13.3  11.5  10.4  15.0  15.8  15.0  14.8  12.8  15.4  15.5
  90      14.1  14.8  14.2  13.3  12.5  16.9  20.6  19.8  18.0  16.3  17.6  17.6
  80      13.9  18.4  18.6  18.3  16.4  21.4  26.6  27.1  26.2  22.5  23.4  20.3
  70      22.3  25.7  28.6  26.5  22.2  29.3  34.0  35.3  36.1  32.8  35.0  30.5
  60      42.1  39.8  44.8  42.3  38.4  45.3  53.0  49.8  49.4  50.7  50.7  47.6
  50      59.3  59.8  66.3  64.1  61.0  70.1  74.5  67.1  64.9  68.1  69.5  68.0
  40      83.1  89.5  92.0  96.7  94.0  94.8 102.0  92.5  93.0  93.9  90.6  90.5
  30     109.7 116.6 121.2 125.9 126.0 126.1 135.2 122.8 120.1 124.4 117.6 123.5
  20     131.2 133.4 143.5 146.7 146.4 155.2 156.5 145.2 142.3 146.7 142.3 141.7
  10      98.1 111.8 109.6 104.0  91.6  91.2 102.6 108.7  97.3 109.1 100.0 100.2
               NUMBER OF SOUNDINGS
1000        23    18    20    23    17    15    29    29    32    31    27    17
 900        23    18    20    23    17    15    29    29    32    31    27    17
 800        23    18    20    23    17    15    29    29    32    31    27    17
 700        23    18    20    23    17    15    29    29    32    31    27    17
 600        23    18    20    23    17    15    29    29    32    31    27    17
 500        23    18    20    23    17    15    29    29    32    31    27    17
 400        23    18    20    23    16    15    29    29    32    31    27    17
 300        23    18    20    23    16    15    29    29    32    31    27    17
 250        23    18    20    23    16    15    29    29    32    31    27    17
 200        23    18    20    23    16    15    29    29    32    31    27    17
 150        23    18    20    23    16    15    29    29    32    31    27    17
 125        23    18    20    23    16    15    29    29    32    31    27    17
 100        23    18    20    23    16    15    29    29    32    31    27    17
  90        23    18    20    23    16    15    28    28    32    31    27    17
  80        23    18    20    23    16    15    28    28    32    30    27    17
  70        23    18    20    23    16    15    28    28    32    30    27    17
  60        23    18    20    23    16    15    28    28    32    30    26    17
  50        23    17    20    23    16    15    28    28    32    30    25    17
  40        23    17    20    23    15    15    28    26    30    30    25    17
  30        22    17    20    20    15    14    28    26    29    30    25    16
  20        20    16    19    18    13    14    27    25    28    28    25    15
  10        18    12    14    16     7    11    23    21    21    17    22    13
               STANDARD DEVIATION FOR EACH MONTH OVER ALL SOUNDINGS
1000       7.0   6.0   6.1   5.6   6.2   5.8  13.4   6.7  10.1  10.5  16.6   7.7
 900       6.9   5.6   6.8   4.3   5.1   5.6  10.8   5.8  10.6   8.2  11.0   6.3
 800       8.5   6.5   7.5   5.2   7.3   9.7  10.1  11.0  11.1  10.1   8.0   8.2
 700       8.6   7.0   9.6   4.1   9.3   9.8  10.6  12.2  11.4  11.1   9.4   9.0
 600       7.8   9.6   9.2   7.1   9.1   8.4  10.0   8.4  11.5  11.6   7.4   8.8
 500       8.7   9.6   7.1   7.8   6.9   8.2   9.8   6.9   9.6   9.2   5.6   7.8
 400       5.2  10.5   8.4   6.9   4.6   7.0   7.3   6.1   8.8   5.9   6.7   7.1
 300       3.7   7.9   6.5   4.5   4.6   3.7   7.5   6.3  10.0   6.5   6.6   7.1
 250       2.9   6.2   6.0   3.9   3.8   3.4   5.7   4.6   6.6   6.0   4.2   6.8
 200       3.6   7.5   6.1   3.6   3.7   4.3   5.5   5.9   5.8   5.1   6.2   7.2
 150       4.0   8.8   6.3   3.5   4.1   3.5   5.6   3.3   3.9   4.7   3.6   7.0
 125       3.3   8.9   7.0   2.9   3.5   3.8   5.3   3.6   3.4   4.5   4.8   6.5
 100       3.2   9.5   6.5   3.2   3.1   6.5   6.6   4.6   4.6   4.1   4.6   7.2
  90       4.2   8.4   5.5   2.7   3.6   6.1   6.7   5.6   5.0   4.7   4.9   7.0
  80       4.5   6.8   6.0   4.5   3.4   5.9   8.1   6.9   6.3   5.9   5.7   9.8
  70       5.2   7.9   7.6   6.1   5.6   5.3   8.3   8.6   7.4   8.6   6.2  10.3
  60       8.4  10.3  13.2   6.6  10.2   9.4   8.4  14.3  10.4   9.3   6.1  12.9
  50      11.8  11.8  18.3   7.5  15.0  10.7  14.2  14.6  11.2  12.1   8.9  15.3
  40      16.2  14.2  14.4  12.4  17.2  16.8  18.6  20.1  15.4  13.1  10.5  14.5
  30      16.1  18.0  19.6  18.1  18.4  15.6  21.6  23.9  16.4  13.6  14.1  19.5
  20       9.6  14.4  15.9   9.4  22.9  30.5  24.9  26.4  15.9  14.1  13.5  12.3
  10      20.0  17.4  18.7  16.2  11.0  17.6  19.7  20.7  17.8  15.6  16.6  20.8
