STATION CODE 12   Sapporo   LOCF=0.8   HICF=1.2  (01/80 - 12/95)
PRESSURE  JAN   FEB   MAR   APR   MAY   JUN   JUL   AUG   SEP   OCT   NOV   DEC  
 
               OZONE MONTHLY MEAN OVER ALL SOUNDINGS IN MICRO-MB
1000      15.8  16.4  26.7  39.2  33.4  27.6  23.9  27.3  24.0  21.4  20.6  15.2
 900      26.6  28.1  33.6  43.1  41.9  39.2  34.0  36.8  32.2  28.3  31.4  25.4
 800      27.7  30.7  35.8  43.8  42.2  40.5  34.3  37.9  35.1  33.1  32.7  28.9
 700      26.4  29.4  33.3  41.0  40.6  39.5  37.8  40.0  36.6  33.5  30.7  28.1
 600      24.6  27.7  30.2  36.3  37.5  37.7  40.6  40.1  36.4  30.7  27.3  25.4
 500      22.7  24.7  26.7  32.6  33.9  35.4  39.4  37.1  32.8  26.7  24.0  22.3
 400      21.6  22.5  23.8  29.1  28.8  33.9  37.2  29.5  27.9  22.4  20.7  19.8
 300      38.2  36.4  25.4  33.2  27.0  27.7  27.2  22.6  25.4  21.3  19.3  22.7
 250      57.7  70.3  49.2  45.0  41.9  28.7  22.1  18.2  24.4  22.5  25.1  34.9
 200      78.8  97.3  81.2  66.6  69.2  40.5  25.0  16.9  23.0  31.6  36.2  48.3
 150     112.2 106.2  81.2  76.7  76.6  58.7  34.7  22.7  23.6  40.1  41.8  64.0
 125     120.9 110.1  86.3  83.8  84.5  60.0  41.6  24.6  27.8  48.3  50.0  73.6
 100     117.8 122.4 104.2  95.0  84.6  69.6  49.7  36.4  39.7  59.0  63.6  83.6
  90     124.5 136.2 111.8 102.3  90.4  71.6  55.9  44.4  46.5  66.8  71.9  95.4
  80     139.2 151.0 127.0 118.8 108.0  77.1  66.8  53.1  55.3  79.9  83.4 109.5
  70     146.9 162.1 145.1 131.4 122.0  93.6  85.3  65.8  70.9  92.3  97.5 126.6
  60     155.6 165.5 157.1 139.3 125.7 108.0 104.0  84.6  89.5 104.7 107.4 136.5
  50     162.2 167.6 162.6 151.1 137.9 125.1 119.2 103.2 106.5 115.1 122.2 145.9
  40     166.8 171.6 161.5 155.4 145.4 136.5 133.9 120.2 122.6 125.8 131.0 147.6
  30     155.9 161.1 150.8 146.8 146.3 140.7 140.8 135.2 137.0 136.9 140.3 148.8
  20     126.0 124.5 122.1 133.3 128.6 131.6 133.4 130.3 127.6 127.1 129.7 128.7
  10      62.7  65.9  77.1  77.4  80.4  76.7  77.6  74.3  70.2  70.9  71.2  72.4
               NUMBER OF SOUNDINGS
1000        19    19    19    21    27    16    11    18    22    25    18    23
 900        20    20    19    23    28    16    13    18    23    26    19    25
 800        20    20    19    23    28    16    13    18    23    26    19    25
 700        20    20    19    23    28    16    13    18    23    26    19    25
 600        20    20    19    23    28    16    13    18    23    26    19    25
 500        20    20    19    23    28    16    13    18    23    26    19    25
 400        20    20    19    23    28    16    13    18    23    26    19    25
 300        20    20    19    23    28    16    13    18    23    26    19    25
 250        20    20    19    23    28    16    13    18    23    26    19    25
 200        20    20    19    23    28    16    13    18    23    26    19    25
 150        20    20    19    23    28    16    13    18    23    26    19    25
 125        20    20    19    23    28    16    13    18    23    26    19    25
 100        20    20    19    23    28    16    13    18    23    26    19    25
  90        20    20    19    23    28    16    13    18    23    26    19    25
  80        20    20    19    23    28    16    13    18    23    26    19    25
  70        20    20    19    23    28    16    13    18    23    26    19    25
  60        20    20    19    23    28    16    13    18    23    26    19    25
  50        20    20    19    23    28    16    13    18    23    26    19    25
  40        20    20    19    23    28    16    13    18    23    26    19    25
  30        20    20    19    23    28    16    13    18    23    26    19    25
  20        19    17    18    23    26    16    12    17    23    25    19    23
  10        17    16    16    21    23    14     8    14    19    18    17    20
               STANDARD DEVIATION FOR EACH MONTH OVER ALL SOUNDINGS
1000      10.5  10.3  10.1  10.3  10.7  10.3   6.0   9.0   7.6   6.5   8.1   8.9
 900       5.0   6.0   7.4   9.0  11.0  11.0   7.1   7.4   7.5   5.4   6.6   6.6
 800       3.8   4.5   4.1   9.2   8.7   7.5   5.0   8.2   7.1   3.7   3.6   4.2
 700       3.9   3.8   3.2   6.7   5.5   4.0   9.2  11.8   6.1   3.1   2.1   3.8
 600       3.3   3.7   3.4   5.7   4.6   3.8   8.2   9.6   5.3   3.7   2.3   3.5
 500       3.3   2.3   3.6   6.3   5.2   7.0   8.2   7.6   4.9   3.9   2.1   2.5
 400       4.1   3.6   5.7   5.8   4.9   5.1   9.4   8.5   5.7   4.0   1.8   3.4
 300      22.5  25.6  12.3  20.6  12.8   7.6   8.7   6.6   8.9   8.6   6.4  11.5
 250      25.0  34.1  28.5  26.6  27.7  11.8   5.5   7.2   9.4   7.3  10.5  19.8
 200      27.7  37.4  30.0  30.9  37.2  20.3  15.0   9.1  12.2  10.8  12.8  20.5
 150      49.2  51.7  31.6  30.8  26.8  23.0  20.1  13.3  11.9  10.3  15.1  25.9
 125      59.0  53.3  35.9  26.2  24.7  21.8  20.1  13.2  11.8  13.3  16.3  29.2
 100      43.7  41.0  42.5  28.3  30.4  14.6  12.2  16.5  14.1  17.1  16.7  33.3
  90      48.5  41.7  45.1  29.3  26.9  14.8  13.5  16.0  13.9  16.6  20.1  35.6
  80      50.0  38.4  41.3  28.8  29.6  17.1  17.0  11.7  12.3  20.5  25.5  30.0
  70      45.0  35.5  36.0  26.5  24.7  17.8  17.3  10.5  12.0  17.7  24.7  26.3
  60      36.4  39.7  31.5  22.6  21.5  14.4  13.8  12.1  11.4  19.4  24.5  27.6
  50      30.0  28.4  22.4  20.4  17.5  18.3  12.1  10.5   9.1  16.1  22.4  28.3
  40      17.6  26.6  14.0  11.2  14.3  13.1   9.3  13.7  11.2  13.1  18.9  21.9
  30      12.1  15.0   9.9   9.3   9.6  12.2   9.2   9.7  12.0  13.3  13.9  13.4
  20      17.1  11.3  12.7  11.0   9.0   6.2   7.7   8.4  11.0  10.6   9.2  14.7
  10      11.0   8.5   9.2   9.8   7.6  14.2   4.3   4.1   7.0   6.4   8.3  13.3
