STATION CODE 329   Brazzaville   LOCF=0.8   HICF=1.2  (04/90 - 10/92)
PRESSURE  JAN   FEB   MAR   APR   MAY   JUN   JUL   AUG   SEP   OCT   NOV   DEC  
 
               OZONE MONTHLY MEAN OVER ALL SOUNDINGS IN MICRO-MB
1000        NA    NA    NA    NA    NA    NA    NA    NA    NA    NA    NA    NA
 900      34.0  26.5  29.0  25.7  28.8  32.7  33.1  33.9  31.3  29.4  27.4  25.3
 800      43.2  34.7  33.5  30.9  41.2  57.7  67.0  57.9  50.9  35.8  28.0  37.4
 700      38.7  32.4  30.8  28.0  32.8  43.7  68.0  65.2  48.5  35.7  25.9  33.0
 600      32.0  28.7  27.8  24.3  27.9  32.3  37.2  43.0  44.1  33.6  26.1  28.3
 500      23.4  26.0  26.2  27.6  29.0  32.2  27.5  33.2  37.7  30.3  27.0  28.6
 400      23.0  20.5  27.4  22.2  23.6  31.3  22.9  27.8  32.8  28.6  24.6  25.5
 300      19.2  16.9  16.5  20.6  20.1  23.9  22.1  21.5  23.8  22.5  19.4  20.6
 250      17.1  14.6  13.9  17.2  17.3  18.4  17.6  18.6  20.8  18.8  19.6  17.7
 200      13.1  13.4  12.0  14.7  14.5  15.8  13.1  14.2  17.7  15.9  14.6  14.0
 150       8.9  11.1  10.4  10.6  13.4  12.6  10.7  11.1  15.8  13.6  13.2  12.0
 125       9.0  10.2  10.3  11.0  11.5   9.9   9.7  10.2  11.6  12.7  12.1  11.8
 100       9.0  15.6  11.6  10.2  10.9   9.3  13.0  13.0  11.1  12.1  10.1  12.2
  90      14.9  17.3  13.5  12.9  14.4  12.6  16.2  17.3  17.9  15.5  13.8  14.1
  80      21.5  24.5  21.0  14.6  20.8  17.6  21.3  24.7  25.2  21.7  23.7  18.3
  70      27.7  37.6  35.6  18.5  26.9  23.4  24.8  31.8  35.0  32.4  35.5  32.2
  60      37.9  53.6  57.3  37.1  43.2  40.7  37.8  41.7  45.1  44.7  50.2  44.6
  50      64.9  77.1  80.7  67.9  64.6  72.4  52.1  58.7  62.3  61.5  65.2  66.8
  40      87.6  99.4 101.7  86.1  93.6  94.9  71.9  89.1  99.1 102.8  92.6  85.2
  30     111.4 117.7 134.4 121.8 128.6 154.7 129.3 124.4 124.6 122.7 118.3 111.5
  20     140.6 136.5 142.8 149.5 150.1 165.0 125.7 141.7 139.2 137.2 144.2 142.1
  10     113.0 102.0 106.2 121.1 108.6  91.9  85.6 105.7 125.7 109.1 102.0 114.9
               NUMBER OF SOUNDINGS
1000        NA    NA    NA    NA    NA    NA    NA    NA    NA    NA    NA    NA
 900         4     5     3     5     4     5     5    11    10    16     8     5
 800         4     5     3     5     4     5     5    11    10    16     8     5
 700         4     5     3     5     4     5     5    11    10    16     8     5
 600         4     5     3     5     4     5     5    11    10    16     8     5
 500         4     5     3     5     4     5     5    11    10    16     8     5
 400         4     5     3     5     4     5     5    11    10    16     8     5
 300         4     5     3     5     4     5     5    11    10    16     8     5
 250         4     5     3     5     4     5     5    11    10    16     8     5
 200         3     5     3     5     4     5     5    11    10    16     8     5
 150         3     5     3     5     4     5     5    11    10    16     8     5
 125         3     5     3     5     4     5     5    11    10    16     8     5
 100         3     5     3     5     4     5     5    11    10    16     8     5
  90         3     5     3     3     4     5     5    11    10    16     8     5
  80         3     5     3     3     4     5     5    11    10    16     8     5
  70         3     5     3     3     4     5     5    11    10    16     8     5
  60         3     5     3     3     4     5     5    11    10    16     8     5
  50         3     5     3     3     4     5     5    11    10    16     8     5
  40         3     5     3     3     4     5     5    11    10    16     8     5
  30         3     5     2     3     4     5     5    11    10    16     8     5
  20         3     4     2     2     3     5     4    11     8    16     8     4
  10         2     3     2     1     2     3     3     8     1    13     3     3
               STANDARD DEVIATION FOR EACH MONTH OVER ALL SOUNDINGS
1000        NA    NA    NA    NA    NA    NA    NA    NA    NA    NA    NA    NA
 900      11.3  10.5   6.9  10.1   4.6   6.9   6.3   6.9   6.5  10.2   6.5   5.1
 800      12.4   6.6   4.0  10.8   6.3  23.8  13.5  11.9   6.0   9.0   4.6  13.1
 700      12.1   3.6   4.4   8.4   5.1  16.5   7.5  16.0   6.1   8.8   5.3  11.8
 600       3.9   3.3   1.6   5.0   5.8   8.2   8.1   7.0   3.3  10.6   3.6   8.8
 500       4.2   3.2   0.4   6.1   5.4   4.3   3.0   6.8   2.6  10.1   4.1   4.8
 400       2.1   4.2   5.5   4.4   4.1   7.5   2.9   7.9   5.9   7.5   4.5   4.0
 300       4.5   4.6   2.8   6.8   4.5   7.4   3.3   6.5   6.4   5.0   3.0   1.3
 250       4.7   5.1   3.8   4.7   2.6   6.4   3.6   4.6   6.6   3.8   2.4   2.3
 200       4.3   2.2   3.5   3.8   1.2   4.2   2.8   3.7  11.0   3.5   1.5   3.1
 150       2.8   1.5   2.0   1.7   2.4   3.5   2.8   2.4   8.1   3.2   3.2   1.0
 125       1.2   2.7   1.2   2.0   2.4   2.7   1.7   2.0   2.5   1.9   2.9   1.7
 100       1.6   8.9   2.1   2.2   3.2   0.5   2.6   3.3   2.5   2.5   2.4   3.9
  90       4.9  11.1   2.1   0.9   3.9   2.0   5.1   5.2   5.1   4.4   6.1   5.4
  80       4.9  17.5   4.5   2.8   2.6   7.4   5.8   4.9   5.1   5.6   8.1   5.6
  70       3.6  23.6   2.7   2.1   3.1   8.0   6.7   5.8   8.0   6.5   9.1   9.0
  60       4.7  17.3   2.7   4.0   4.6  20.3  12.4   6.7  11.1   9.7  10.8   7.4
  50       5.9  15.4   4.1  11.0   2.8  27.8  11.9  12.3   9.9  14.2  14.2   8.2
  40      10.3  22.9   5.5   5.2   6.4  28.0  31.4  12.2  14.6  21.1  17.9  10.6
  30      10.2  24.8  14.9  12.0   9.0  11.1  16.6  19.8  15.2  18.4  12.9  17.9
  20       7.7  11.0   0.4   3.4   1.6  14.7  34.7  15.2   9.5  10.6   9.8  10.0
  10      15.9  31.9  12.4    NA   3.7  25.4  30.5  12.1    NA  14.8  12.0   5.0
