STATION CODE 280   Forster   LOCF=0.9   HICF=1.35  (05/85 - 02/91)
PRESSURE  JAN   FEB   MAR   APR   MAY   JUN   JUL   AUG   SEP   OCT   NOV   DEC  
 
               OZONE MONTHLY MEAN OVER ALL SOUNDINGS IN MICRO-MB
1000        NA    NA    NA    NA    NA    NA    NA    NA    NA    NA  26.3    NA
 900      19.0  18.1  19.2  19.5  21.9  22.8  23.9  19.7  24.2  25.2  21.3  18.4
 800      19.2  18.2  20.3  19.6  21.6  23.2  25.3  20.4  24.5  25.4  21.7  18.3
 700      18.9  17.8  20.5  18.7  21.3  22.6  23.5  19.6  23.8  24.6  21.0  17.2
 600      18.1  18.2  20.2  18.3  19.6  20.9  22.4  18.1  22.5  24.1  19.8  17.3
 500      18.4  17.3  18.6  17.2  18.9  18.9  20.3  17.0  20.7  22.2  19.0  16.5
 400      17.5  17.1  17.9  18.1  18.2  16.9  18.3  15.6  19.2  20.2  18.5  15.9
 300      26.4  30.6  21.4  21.5  20.0  16.0  16.3  16.1  17.8  20.8  20.1  18.5
 250      47.7  51.2  40.1  37.4  32.0  20.0  20.8  20.6  21.0  26.0  29.7  35.3
 200      53.2  54.1  45.5  49.1  41.4  33.5  32.6  35.1  34.3  40.9  45.2  52.8
 150      59.9  60.5  58.2  58.6  57.3  53.2  59.5  56.4  54.6  52.1  51.5  54.3
 125      70.2  73.8  81.3  77.8  74.4  69.7  76.3  69.3  60.6  50.2  51.4  59.1
 100      91.2 100.4  95.8 101.1  98.0 102.8 101.6  96.7  66.5  44.0  54.2  70.2
  90     104.1 113.4 105.7 121.5 105.8 112.8 116.8 106.8  71.1  44.9  60.2  77.7
  80     117.4 125.5 122.0 128.2 116.5 116.5 125.4 113.7  79.1  46.9  67.8  96.2
  70     131.2 139.0 134.1 143.5 128.7 129.0 137.3 119.4  79.0  49.4  70.8 105.8
  60     139.2 146.3 140.1 145.0 135.6 135.0 138.4 118.4  81.7  53.9  82.2 124.3
  50     145.3 137.0 133.9 144.2 128.0 126.2 131.7 115.2  79.8  61.2  95.5 138.5
  40     134.6 128.1 128.1 129.7 119.6 115.3 118.1 101.5  70.5  69.3 112.3 136.4
  30     116.6 106.7 104.7 101.2 100.1  95.4  97.1  79.9  64.8  83.9 117.3 129.7
  20      82.8  87.7  71.2  63.8  66.0  69.4  63.2  64.1  67.8  80.2  99.4 100.2
  10      46.7  45.5  37.6  31.0  27.8  39.3  43.5  40.9  43.8  43.3  52.4  50.5
               NUMBER OF SOUNDINGS
1000        NA    NA    NA    NA    NA    NA    NA    NA    NA    NA     1    NA
 900        25    22    18    17    23    29    26    33    34    40    43    28
 800        25    22    18    17    23    29    26    33    34    40    43    28
 700        25    22    18    17    23    29    26    33    35    40    43    28
 600        25    22    18    17    23    29    26    33    35    40    43    28
 500        25    22    18    17    23    29    26    33    35    40    43    28
 400        25    22    18    17    23    29    26    33    35    40    43    28
 300        25    22    18    17    23    29    26    33    35    40    43    28
 250        25    22    18    17    23    29    26    33    35    40    43    28
 200        25    22    18    17    22    29    26    33    35    40    43    28
 150        25    22    18    17    22    29    26    33    34    40    43    28
 125        25    22    18    17    22    29    25    33    34    40    43    28
 100        25    21    18    17    22    29    25    33    33    40    43    28
  90        25    20    18    17    22    30    24    32    32    38    42    28
  80        25    20    18    17    22    29    24    32    32    38    42    28
  70        25    20    18    17    21    29    24    30    31    40    41    28
  60        25    20    18    17    20    27    23    30    30    38    41    28
  50        25    19    17    17    19    25    22    29    30    38    41    28
  40        24    17    16    17    16    21    20    28    30    38    41    27
  30        23    17    16    16    14    18    18    26    29    38    40    25
  20        21    14    13    15    12    15    16    25    27    37    37    24
  10        15    10    11     9     4     9     9    14    14    26    26    13
               STANDARD DEVIATION FOR EACH MONTH OVER ALL SOUNDINGS
1000        NA    NA    NA    NA    NA    NA    NA    NA    NA    NA    NA    NA
 900       7.4   7.0   7.7   5.7   8.8   8.7   8.1   7.4   6.4   9.4   8.0   6.9
 800       7.4   6.8   7.3   3.9   8.7   8.5   7.9   7.8   6.4   9.8   8.3   6.9
 700       7.9   7.0   7.7   4.8   8.9   8.2   8.6   6.7   6.1   9.9   8.2   6.1
 600       7.1   6.0   6.3   4.4   8.7   7.9   8.4   5.4   6.0   9.9   7.9   5.2
 500       6.4   5.8   5.1   4.6   8.1   7.7   8.7   5.0   6.0   8.9   7.5   5.3
 400       5.8   5.9   4.6   8.5   8.5   7.5   8.3   4.7   5.8   7.7   6.6   4.2
 300      13.9  12.5  10.4  12.9  14.3   6.5   8.9   6.9   5.9   7.6   8.0  10.5
 250      13.4  16.3  13.1  12.9  16.2   9.3  12.8   9.7   9.1  10.4  12.9  15.7
 200       9.5   8.3   9.7  10.8  16.6  14.7  17.2  15.7  13.6  11.3  14.8  10.7
 150       9.7   9.5  10.9  13.7  20.9  21.1  16.8  22.6  15.7   9.7   9.9   9.8
 125       9.0  10.8  15.7  21.8  26.3  31.7  20.6  27.1  16.0  12.3  15.2  17.6
 100      13.2  11.6  13.3  30.5  34.5  44.6  28.5  37.3  20.7  21.5  24.4  27.3
  90      13.0  14.9  15.7  25.7  34.3  43.6  25.9  41.7  24.3  25.4  30.7  29.5
  80      13.4  15.4  14.1  17.4  27.9  43.3  23.9  39.5  31.3  28.5  37.9  36.6
  70      12.1  14.0  17.7  22.6  28.5  41.6  21.1  37.1  29.5  31.4  39.8  42.5
  60      10.8  13.3  12.8  15.8  27.2  47.8  22.4  34.3  28.3  28.0  40.8  39.1
  50      14.6  12.0  12.7  12.6  26.7  39.6  22.1  32.6  24.0  26.5  39.7  37.6
  40      15.6  17.3  16.7  15.5  28.6  43.4  21.8  28.0  22.8  25.8  31.2  29.0
  30      13.7  20.5  18.4  13.6  27.4  39.3  26.8  23.0  14.1  22.3  31.5  24.7
  20      11.2  16.0  14.7  15.2  28.7  35.9  14.0  21.5  11.8  15.8  24.6  11.8
  10       6.7   5.7   7.5   3.7   8.9  12.1  22.8  12.8  12.8  10.5  15.8   8.4
