STATION CODE 132   Sofia   LOCF=0.9   HICF=1.35  (02/82 - 12/91)
PRESSURE  JAN   FEB   MAR   APR   MAY   JUN   JUL   AUG   SEP   OCT   NOV   DEC  
 
               OZONE MONTHLY MEAN OVER ALL SOUNDINGS IN MICRO-MB
1000        NA    NA    NA    NA    NA    NA    NA    NA    NA    NA    NA    NA
 900      15.8  21.3  34.0  37.7  47.3  50.8  53.0  56.5  49.3  29.7  19.9  18.8
 800      27.8  32.0  42.7  43.7  47.5  51.3  52.4  50.6  48.3  33.9  32.8  25.9
 700      31.5  35.9  41.4  43.5  46.2  49.0  45.4  47.1  42.8  35.8  38.3  31.4
 600      30.9  33.9  37.9  40.7  45.1  43.9  43.9  42.7  40.1  33.6  35.1  31.6
 500      29.0  30.1  37.0  38.8  42.3  42.8  42.0  41.3  36.0  30.8  31.5  31.2
 400      25.6  27.1  30.8  35.4  38.7  35.7  37.0  39.4  30.7  28.1  28.1  28.8
 300      28.4  26.8  33.0  34.5  35.2  32.8  35.0  37.3  26.7  27.4  24.6  28.9
 250      32.7  32.2  45.3  43.0  41.5  40.1  38.9  34.0  27.1  35.0  25.9  39.3
 200      49.0  59.6  76.6  78.8  68.1  64.2  41.8  40.2  34.2  37.4  29.6  48.1
 150      62.3  79.8  97.9  95.6  83.6  67.4  39.2  37.7  36.7  39.0  46.2  66.0
 125      64.6  73.8  98.9  90.3  73.9  69.2  34.7  39.6  47.7  44.3  55.6  72.5
 100      72.7  91.7 100.1  97.0  92.4  70.5  46.7  53.0  57.5  57.3  70.5  83.4
  90      81.6 103.5  96.7 101.5 100.5  72.8  53.9  59.4  67.5  68.8  80.7  84.5
  80      93.6 110.4 108.8 116.1 106.5  81.6  64.8  68.2  77.9  80.0  90.1  94.4
  70     105.7 118.1 128.3 125.1 119.9  92.5  74.3  77.1  90.4  89.5  99.8 106.9
  60     128.1 148.0 141.4 137.6 117.4 101.8  91.2  95.8 102.6 101.3 114.8 122.1
  50     145.3 168.6 159.6 151.7 129.2 130.1 112.2 117.3 115.9 116.7 125.0 128.6
  40     153.2 167.0 170.1 151.2 144.2 145.3 134.0 125.2 127.5 122.9 134.5 140.1
  30     145.5 156.5 152.5 140.4 141.4 140.1 140.1 148.3 140.0 130.3 129.2 146.3
  20     126.4 130.0 115.9 116.1 126.7 134.5 133.7 136.9 120.1 113.6 110.9 114.5
  10      61.9  61.0  61.4  94.1  76.5  79.1  64.1  83.0  65.8  66.7  73.3  57.6
               NUMBER OF SOUNDINGS
1000        NA    NA    NA    NA    NA    NA    NA    NA    NA    NA    NA    NA
 900        21    18    14    20    16    19    14    12    12    14    18    17
 800        21    18    14    20    16    19    14    12    12    14    18    17
 700        21    18    14    20    16    19    14    12    12    14    18    17
 600        21    18    14    20    16    19    14    12    12    14    18    17
 500        21    18    14    20    16    19    14    12    12    14    18    17
 400        21    18    14    20    16    19    14    12    12    14    18    17
 300        21    18    14    20    16    19    14    12    12    14    18    17
 250        21    18    14    20    16    19    14    12    12    14    18    17
 200        21    18    14    20    16    19    14    12    12    14    18    17
 150        21    18    14    20    16    19    14    12    12    14    18    17
 125        21    18    14    20    16    19    14    12    12    14    18    17
 100        21    18    14    20    16    19    14    12    12    14    18    17
  90        21    18    14    20    16    19    14    12    12    14    18    17
  80        21    18    14    20    16    19    14    12    12    14    18    17
  70        21    18    14    20    16    19    14    12    12    14    18    17
  60        21    18    14    20    16    19    14    12    12    14    18    17
  50        21    18    14    20    16    19    14    12    12    14    18    17
  40        19    18    14    20    14    16    14    12    12    13    16    17
  30        18    18    13    16    14    13    12    12    10    13    15    16
  20        16    15     8    11    13    12    11    10     8    11    12    13
  10         8     5     4     5    10     9     4     6     4     7     5     7
               STANDARD DEVIATION FOR EACH MONTH OVER ALL SOUNDINGS
1000        NA    NA    NA    NA    NA    NA    NA    NA    NA    NA    NA    NA
 900       9.8   9.3  11.0  11.5  12.4   8.8  14.8  15.4  15.2  10.2   9.5   8.7
 800       8.8   8.8   7.8   7.8   9.1   8.7  14.0  12.7  13.7   8.9   9.6  10.1
 700       6.6   6.3   5.5   5.9   8.3   7.4  11.2   8.0   9.2   8.6  11.3   7.1
 600       5.7   7.0   4.9   6.0   8.2   9.3  10.6   8.4   8.6   7.3   6.9   5.7
 500       6.7   5.9   6.0   7.0   7.7   8.5   8.5   8.6   6.9   5.6   6.6   6.3
 400       6.9   5.6   4.0  11.6   7.5   7.0   6.6   7.8   4.4   5.2   6.4   7.4
 300      15.5   5.9  17.4  20.9  11.8   8.9   7.4   9.6   4.3  12.2   6.7  11.3
 250      17.4  17.1  36.0  20.0  19.1  17.9  18.5  10.6   8.8  16.8  10.8  18.4
 200      27.0  25.8  39.0  36.9  30.4  25.8  22.9  14.4  11.1  18.9  15.7  20.1
 150      26.5  39.7  38.3  28.4  21.0  20.4  16.5  15.7   9.8  12.0  24.1  36.8
 125      26.3  37.1  43.8  34.4  23.3  24.2  11.8  15.8  13.7  18.0  33.2  29.5
 100      27.9  42.8  50.7  39.4  23.2  22.5  13.5  15.5  14.4  18.0  31.8  22.2
  90      32.0  48.9  48.9  35.2  25.5  22.9  10.7  17.1  16.6  19.2  27.5  24.0
  80      17.9  40.7  46.1  30.5  25.1  22.3  15.8  17.0  20.4  17.8  26.3  28.4
  70      20.7  35.9  36.2  26.2  20.9  21.0  18.3  15.2  18.6  22.3  25.6  23.6
  60      28.9  41.4  39.2  22.1  16.3  18.4  18.7  12.4  15.0  23.4  22.1  20.0
  50      28.2  45.1  31.5  17.1  16.7  19.1  18.7  13.8  11.0  18.5  18.4  27.8
  40      28.5  37.3  11.6  11.0   9.4  14.2  32.0  10.8  10.9  17.6  16.4  24.0
  30      20.6  24.7  10.5   8.2  11.0  11.2  29.3  36.5  15.6  23.7  18.8  21.2
  20      26.2  22.4  15.4  10.0  12.4   9.8  30.2  17.2   8.0  12.7  23.0  20.1
  10      18.1   8.2  18.9  30.6   9.4   4.9   5.8   6.4   9.8  15.4  29.1  19.8
