STATION CODE 18   Alert   LOCF=0.8   HICF=1.2  (01/88 - 12/93)
PRESSURE  JAN   FEB   MAR   APR   MAY   JUN   JUL   AUG   SEP   OCT   NOV   DEC  
 
               OZONE MONTHLY MEAN OVER ALL SOUNDINGS IN MICRO-MB
1000      24.7  26.3  27.0  22.0  11.7  17.9  19.6  21.7  23.4  27.2  30.3  29.7
 900      27.6  29.1  31.4  28.8  24.1  23.4  20.8  23.0  27.5  29.3  30.4  29.0
 800      28.2  28.1  30.6  33.4  33.2  26.5  23.7  27.5  27.3  28.5  31.4  28.4
 700      26.4  26.9  28.6  32.1  35.2  28.4  25.1  26.7  29.1  26.3  28.9  25.8
 600      23.9  24.3  25.8  29.9  36.0  28.6  26.8  26.8  28.1  25.1  27.6  24.1
 500      21.6  21.9  23.6  26.4  29.5  27.5  26.5  25.6  26.2  23.9  23.2  20.6
 400      19.4  19.8  22.2  26.4  27.1  26.0  26.9  24.2  23.6  22.2  20.1  20.8
 300      25.2  27.1  44.0  47.9  52.7  53.6  40.7  39.8  37.1  34.0  23.2  27.8
 250      43.3  50.4  75.9  94.6 106.7  86.5  74.1  74.7  59.5  48.5  38.5  42.9
 200      68.0  86.2 115.6 122.6 116.8  99.3  85.9  73.2  63.4  57.6  54.1  61.2
 150     100.7 124.3 149.9 151.8 120.8  93.6  80.5  75.6  67.0  76.9  77.0  90.4
 125     126.0 141.5 162.1 162.4 120.7  98.2  88.2  82.0  80.5  89.4  97.2 128.9
 100     161.8 163.3 183.8 157.8 131.5 111.4 108.1 104.3 102.4 117.0 123.0 141.1
  90     168.2 171.0 192.5 162.7 135.4 124.6 114.8 109.9 113.5 127.5 133.4 151.8
  80     166.5 177.0 197.6 179.9 146.1 128.8 122.6 123.8 125.2 138.3 137.2 155.0
  70     167.9 181.6 197.7 175.0 157.1 137.7 133.0 132.1 131.4 139.5 141.5 158.6
  60     166.7 176.4 194.8 184.2 164.1 144.4 136.0 133.6 131.6 136.0 144.8 156.4
  50     156.5 160.8 190.7 178.7 156.8 137.9 130.4 128.7 125.5 128.1 141.4 146.9
  40     137.2 144.7 176.7 163.9 142.1 120.0 117.6 120.6 111.7 111.9 130.5 130.7
  30     106.4 122.6 146.0 142.2 120.1 103.5  93.1  95.9  93.9  94.8 103.1 103.4
  20      71.2  93.5 106.5 106.6  86.0  78.0  71.5  67.1  72.2  69.4  68.0  68.8
  10      35.4  47.5  60.4  55.5  48.9  50.9  47.5  41.7  40.5  30.1  35.2  30.5
               NUMBER OF SOUNDINGS
1000        22    30    38    16    19    13    11    11    15    22    14    18
 900        54    50    44    20    21    20    20    21    22    24    20    31
 800        54    50    44    20    21    20    20    21    22    24    20    31
 700        54    50    44    20    21    20    20    21    22    24    20    31
 600        54    50    44    20    21    20    20    21    22    24    20    31
 500        54    50    44    20    21    20    20    21    22    24    20    31
 400        54    50    44    20    21    20    20    21    22    24    20    31
 300        54    50    44    20    21    20    20    21    22    24    20    31
 250        54    50    44    20    21    20    20    20    22    24    20    31
 200        54    50    44    20    21    20    20    20    22    24    20    31
 150        54    50    44    20    21    20    20    20    22    24    20    31
 125        54    50    44    20    21    20    20    20    22    24    20    31
 100        54    50    44    20    21    20    20    20    22    24    20    31
  90        54    50    44    20    21    20    20    20    22    24    20    31
  80        54    49    44    20    21    20    20    20    22    24    20    31
  70        53    49    44    20    21    20    20    20    22    24    20    31
  60        53    48    43    20    21    20    20    20    22    24    20    31
  50        51    47    42    20    21    20    19    20    22    24    20    31
  40        50    47    42    20    21    20    19    19    22    22    20    31
  30        49    47    40    19    21    19    19    19    22    21    20    31
  20        48    46    39    17    21    18    18    18    21    19    17    31
  10        46    40    31    15    17    17    13    12    17    16    15    30
               STANDARD DEVIATION FOR EACH MONTH OVER ALL SOUNDINGS
1000       6.6   5.5   8.5  10.6   6.9   5.3   4.0   5.8   6.1   5.2   3.9  17.3
 900       4.6   4.9   5.9   7.8  11.6   6.3   4.5   6.2   5.5   4.6   3.6   5.5
 800       3.8   4.3   4.4   4.0   7.9   6.9   7.1   6.9   4.8   5.1   4.0   4.4
 700       3.8   3.9   4.0   5.7   6.1   5.2   7.2   6.7   6.4   4.4   4.0   5.1
 600       4.0   3.0   3.8   6.7   8.1   6.7   6.2   5.5   5.5   3.9   6.5   5.4
 500       3.9   3.5   3.1   4.4   5.6   6.6   6.9   5.8   4.8   4.8   4.3   5.4
 400       3.7   4.0   5.7  13.7   6.5   5.5   8.3   4.4   6.5   4.3   4.9   6.4
 300      13.1  15.1  23.3  26.2  25.5  38.7  28.9  24.4  18.9  20.0   9.9  12.8
 250      18.5  23.9  30.5  34.5  24.2  38.8  32.0  29.7  21.0  19.0  15.0  13.3
 200      21.1  24.7  41.4  32.6  17.6  22.9  15.8  15.4  12.5  13.9  11.5  12.7
 150      28.4  34.3  47.7  41.4  27.8  24.1   9.1  10.8  17.0  21.0  18.1  21.8
 125      34.4  34.3  43.8  54.4  35.7  18.4  11.3  13.8  18.7  21.3  25.8  31.3
 100      33.3  35.5  42.6  50.0  34.2  18.9  13.0  13.8  18.7  31.2  35.2  30.5
  90      32.0  29.3  36.4  44.1  25.8  17.7  14.2  15.2  20.9  30.3  31.1  27.9
  80      27.0  30.2  31.7  42.6  24.9  14.1  12.9  16.0  20.3  26.0  28.1  25.8
  70      25.2  24.8  28.2  43.9  14.7  16.3  12.5  13.5  19.2  22.9  25.9  24.5
  60      20.5  25.3  34.6  37.1  11.9   9.4   8.2  13.1  11.9  19.2  17.2  23.5
  50      16.3  31.1  35.4  19.6   9.4  13.6  13.6  14.8  12.1  19.0  15.5  24.1
  40      18.5  31.7  30.9  28.9  11.7  16.9  13.7  14.1  17.6  17.4  13.4  22.2
  30      18.8  32.2  28.2  21.9  13.4  15.4  15.7  14.5  21.5  24.2  21.3  23.5
  20      15.5  33.9  28.0  23.4  15.9   9.3   7.9  11.4  18.6  17.5  15.4  19.3
  10      15.2  18.1  16.7  18.5   6.0   4.0   5.2   8.3  13.7  16.2   9.1  13.6
