STATION CODE 21   Edmonton   LOCF=0.8   HICF=1.2  (01/80 - 12/93)
PRESSURE  JAN   FEB   MAR   APR   MAY   JUN   JUL   AUG   SEP   OCT   NOV   DEC  
 
               OZONE MONTHLY MEAN OVER ALL SOUNDINGS IN MICRO-MB
1000        NA    NA    NA    NA    NA    NA    NA    NA    NA    NA    NA    NA
 900      22.9  22.7  28.3  34.2  33.2  29.1  24.1  27.1  23.6  22.7  23.3  21.7
 800      29.3  30.2  33.3  36.8  36.5  32.6  29.1  30.7  27.9  28.7  29.9  29.8
 700      28.0  29.5  32.0  35.5  35.5  32.0  29.7  29.4  28.9  28.3  28.8  28.8
 600      25.2  26.9  29.0  32.3  34.4  31.8  30.2  28.6  28.3  26.4  27.4  25.9
 500      22.1  23.2  24.8  30.0  32.1  28.5  29.6  26.3  25.8  23.0  23.9  21.9
 400      19.9  20.5  21.8  25.0  28.3  24.2  27.7  23.0  21.5  21.6  20.5  19.0
 300      23.9  28.9  25.7  29.9  28.5  24.7  25.4  20.1  19.3  22.1  23.7  21.2
 250      39.0  51.5  48.4  48.3  46.2  39.6  35.6  23.1  24.0  30.0  29.9  29.6
 200      71.7  85.8  84.6  84.1  75.4  66.9  67.1  39.9  31.4  36.6  41.9  51.1
 150      87.1  93.7  93.7  98.1  77.6  72.6  66.5  44.5  40.5  49.0  56.0  72.9
 125      88.9 104.1  94.9  98.6  83.9  71.0  65.4  48.0  43.5  57.8  66.3  83.7
 100     106.0 109.8 112.3 110.7  94.2  83.8  78.6  65.5  64.0  76.7  91.3 102.0
  90     116.4 122.2 127.1 119.8 102.4  89.4  85.9  75.7  74.2  82.8 102.5 108.5
  80     133.1 140.4 140.4 135.5 113.9 101.5  96.1  81.8  85.7  95.9 105.7 115.0
  70     151.4 158.7 158.2 146.5 121.1 112.1 108.8  95.5  99.9 108.5 117.5 127.8
  60     158.1 171.9 178.1 159.8 134.2 127.1 122.1 109.0 112.9 122.9 132.6 145.8
  50     169.4 181.8 179.8 160.5 139.4 134.8 129.8 115.7 118.1 129.9 137.7 151.6
  40     172.9 181.7 174.6 158.6 144.5 134.8 134.4 118.5 117.3 131.6 142.8 164.1
  30     162.2 157.2 154.3 140.1 130.9 126.8 130.8 120.9 119.4 134.3 141.2 157.9
  20     121.0 115.0 114.1 110.0 108.6 112.9 115.5 112.6 103.0 107.2 120.7 129.7
  10      58.4  58.3  62.0  67.4  70.8  70.7  71.0  70.2  63.8  57.5  59.0  67.7
               NUMBER OF SOUNDINGS
1000        NA    NA    NA    NA    NA    NA    NA    NA    NA    NA    NA    NA
 900        35    47    46    42    47    45    46    39    42    31    38    38
 800        35    47    46    42    47    45    46    39    42    32    38    39
 700        35    47    46    42    47    45    46    39    42    32    38    39
 600        35    47    46    42    47    45    46    39    42    32    38    39
 500        35    47    46    42    47    45    46    39    42    32    38    39
 400        35    47    46    42    47    45    46    39    42    32    38    39
 300        35    47    46    42    47    45    46    39    42    32    38    39
 250        35    47    46    42    47    45    46    39    42    32    38    39
 200        35    47    46    42    47    45    46    39    42    32    38    39
 150        35    47    46    42    47    45    46    39    42    32    38    39
 125        35    47    46    42    47    45    46    39    42    32    38    39
 100        35    47    46    42    47    45    46    39    42    32    38    39
  90        35    46    46    42    47    45    46    39    42    32    38    39
  80        35    46    46    42    47    45    46    39    42    32    37    39
  70        35    46    46    42    47    45    46    39    42    31    37    39
  60        35    45    46    42    47    45    46    39    42    31    37    38
  50        34    43    44    42    47    45    46    39    42    31    37    38
  40        33    41    43    42    46    45    46    39    42    31    34    38
  30        32    40    42    42    46    45    46    38    42    31    31    37
  20        28    35    39    41    45    43    42    36    42    28    26    35
  10        19    27    29    36    39    38    38    31    37    23    20    26
               STANDARD DEVIATION FOR EACH MONTH OVER ALL SOUNDINGS
1000        NA    NA    NA    NA    NA    NA    NA    NA    NA    NA    NA    NA
 900       6.2   8.0   9.9  10.4  11.1   8.7   7.9  10.4   7.9   6.7   8.3   8.0
 800       4.4   6.4   5.0   7.1   8.2   7.0   7.5   7.5   7.0   5.7   6.1   4.8
 700       3.6   5.0   4.5   6.5   6.1   7.0   7.0   7.0   6.4   5.7   5.0   4.6
 600       3.5   4.0   4.5   6.4   5.9   7.4   6.4   7.8   6.5   5.3   6.4   4.1
 500       3.3   4.5   3.7   7.1   7.4   7.5   8.1   7.1   6.0   5.1   3.9   2.6
 400       5.0   5.6   4.5   6.8   7.2   6.8  10.0   6.6   4.6   5.1   6.1   2.9
 300      14.3  21.7  17.6  19.9  17.3  10.0  13.9   8.4   9.6  13.3  13.8  10.7
 250      23.4  35.1  38.3  35.1  33.2  31.4  25.5  15.5  16.6  20.6  17.6  19.5
 200      40.1  44.8  35.4  39.2  37.9  36.3  25.3  23.1  18.8  19.0  19.4  29.1
 150      41.4  44.0  39.9  41.2  28.6  20.8  20.9  14.0  19.1  21.6  24.7  50.6
 125      40.5  46.5  45.8  39.8  36.3  19.3  20.4  12.8  20.1  22.7  29.0  42.6
 100      47.2  47.8  45.4  47.8  37.7  19.5  21.8  15.1  18.9  27.4  39.4  36.3
  90      45.2  46.7  43.3  48.0  29.7  19.6  19.4  14.9  18.1  27.9  33.9  37.1
  80      37.8  44.8  36.3  48.4  28.9  17.7  16.5  15.4  19.5  26.8  23.9  34.5
  70      39.5  45.8  43.6  42.2  23.4  18.8  17.4  13.3  17.5  22.5  25.3  35.1
  60      37.5  38.8  30.9  37.0  21.9  12.6  17.4  13.5  14.9  16.2  20.7  33.4
  50      34.5  36.7  29.2  27.3  19.9  13.9  15.0  10.7  11.7  11.2  17.7  27.7
  40      26.3  26.9  18.8  19.5  12.9  13.0  16.3  17.9  13.6  14.5  16.2  25.8
  30      19.7  20.2  10.2  13.2  10.8  12.0  13.4  13.7  18.0  10.7  18.1  18.5
  20      17.6  14.2  11.9  10.2  11.5  10.5   9.5  10.6  18.8  13.7  21.0  15.2
  10      14.6  10.2  10.4  11.3   7.1   6.0   8.9   7.2   7.4   9.3  12.3  13.8
