STATION CODE 67   Boulder   LOCF=0.8   HICF=1.2  (01/85 - 12/93)
PRESSURE  JAN   FEB   MAR   APR   MAY   JUN   JUL   AUG   SEP   OCT   NOV   DEC  
 
               OZONE MONTHLY MEAN OVER ALL SOUNDINGS IN MICRO-MB
1000        NA    NA    NA    NA    NA    NA    NA    NA    NA    NA    NA    NA
 900        NA    NA    NA    NA    NA    NA    NA    NA    NA    NA    NA    NA
 800      31.6  32.8  37.4  44.2  43.2  48.3  49.5  52.4  39.4  31.2  28.1  30.6
 700      31.6  34.5  37.8  41.0  42.8  44.9  44.9  45.9  37.7  32.7  31.2  32.3
 600      27.7  30.0  33.2  35.6  37.4  36.9  36.4  37.6  32.5  28.7  28.4  28.7
 500      23.9  25.5  26.5  30.7  31.4  32.1  31.1  28.8  25.7  24.3  24.8  24.2
 400      19.0  20.5  22.5  24.4  26.0  30.5  24.8  26.7  19.4  18.1  19.0  18.9
 300      20.2  20.4  23.5  28.0  20.7  21.2  18.2  19.3  15.0  13.4  17.0  18.7
 250      24.0  26.9  35.7  39.2  26.7  21.1  17.5  18.1  14.3  12.9  19.2  24.1
 200      38.3  48.5  58.0  61.1  43.0  29.5  17.9  17.8  14.7  19.0  26.1  33.7
 150      53.1  46.4  71.3  68.6  59.5  44.1  23.0  19.0  19.2  21.1  29.4  39.0
 125      53.7  47.0  65.9  64.1  47.9  42.1  26.6  21.7  26.4  27.8  35.7  39.1
 100      62.9  49.8  69.6  70.8  56.4  54.1  40.6  39.9  39.1  43.9  45.1  58.7
  90      74.2  60.0  71.6  82.5  62.4  60.4  50.3  46.7  48.8  53.6  55.6  67.9
  80      86.8  83.3  84.7  87.2  79.2  71.2  64.1  59.1  58.0  67.0  71.0  77.9
  70     103.5 102.4 102.7 105.7  84.9  88.4  81.0  77.9  75.7  79.2  89.8  96.2
  60     122.7 122.8 122.9 109.3 107.3 105.3  97.2  95.3  92.3  95.1 105.9 108.3
  50     150.6 142.4 140.1 129.6 121.9 121.7 117.4 113.2 109.7 107.8 123.3 125.8
  40     160.2 155.1 152.7 146.6 141.3 135.4 131.8 128.3 123.6 123.8 136.5 141.8
  30     153.3 148.2 145.4 141.5 139.6 143.7 142.4 141.1 139.1 131.1 138.7 146.6
  20     123.4 113.6 116.6 121.0 129.7 135.7 138.4 137.5 135.0 124.3 116.7 121.6
  10      62.5  64.0  73.0  82.1  85.6  86.3  86.4  84.8  81.4  75.9  64.6  63.3
               NUMBER OF SOUNDINGS
1000        NA    NA    NA    NA    NA    NA    NA    NA    NA    NA    NA    NA
 900        NA    NA    NA    NA    NA    NA    NA    NA    NA    NA    NA    NA
 800        25    28    25    31    29    29    26    22    32    29    30    26
 700        25    28    25    31    29    29    26    22    33    29    30    26
 600        25    28    25    31    29    29    26    22    33    29    30    26
 500        25    28    25    31    29    29    26    22    33    29    30    26
 400        25    28    25    31    29    29    26    22    33    29    30    26
 300        25    28    25    31    29    29    26    21    33    29    30    26
 250        25    27    25    31    29    29    26    21    33    29    30    26
 200        25    28    25    31    29    29    26    21    33    29    30    26
 150        25    28    25    31    28    28    26    21    32    29    30    26
 125        25    28    25    30    28    28    26    21    32    29    30    26
 100        25    28    25    30    28    28    26    21    32    29    30    26
  90        25    28    25    30    28    28    26    21    32    29    30    26
  80        25    28    25    30    28    28    26    21    32    29    30    26
  70        25    28    25    30    28    28    26    21    32    29    30    26
  60        25    28    25    30    28    28    26    21    32    29    29    25
  50        25    27    24    29    28    28    26    21    32    29    29    25
  40        25    26    24    29    28    28    26    21    32    28    29    25
  30        25    26    24    29    28    28    26    21    32    28    29    25
  20        25    25    23    29    28    27    25    21    31    28    29    24
  10        23    25    20    26    27    27    25    19    30    25    28    23
               STANDARD DEVIATION FOR EACH MONTH OVER ALL SOUNDINGS
1000        NA    NA    NA    NA    NA    NA    NA    NA    NA    NA    NA    NA
 900        NA    NA    NA    NA    NA    NA    NA    NA    NA    NA    NA    NA
 800       8.5   9.1   9.9  11.8  12.1  14.9  14.2  18.1  11.9  11.4   7.7   7.6
 700       3.2   3.1   4.9   4.9   6.4   9.7   5.6   7.5   7.3   5.6   4.9   3.2
 600       3.1   2.5   4.0   4.8   6.0   7.4   4.5   6.8   5.1   5.2   4.3   4.5
 500       2.9   2.5   4.0   4.6   6.2   6.9   7.3   8.0   6.0   4.6   8.1   3.4
 400       3.4   2.9   6.0   5.6   7.4  23.9   7.1   6.5   5.9   3.3   2.7   3.0
 300      13.6  13.4  10.3  19.7   9.3  11.3   6.3   4.3   7.9   4.1   7.8  11.1
 250      20.6  16.4  30.7  35.2  25.9  14.7   8.1   6.3   5.9   4.9  12.6  16.1
 200      25.3  29.6  34.7  38.6  32.0  20.5  13.2   6.4   7.7   9.6  17.1  25.5
 150      37.7  23.8  39.3  28.3  26.8  25.7  17.1  10.9  11.2  10.2  15.6  21.3
 125      38.5  32.7  40.7  34.8  25.5  20.2  12.1   5.7  15.0  14.6  22.9  18.6
 100      26.4  20.9  38.9  31.2  32.5  17.5  13.6  11.9  12.4  16.8  22.8  30.5
  90      32.9  25.3  25.9  32.9  25.0  19.0  12.5  10.1  11.0  17.2  24.7  27.5
  80      35.4  27.7  30.3  32.3  28.1  13.8   9.7   8.0  12.1  16.2  23.6  25.2
  70      35.2  30.1  26.9  33.6  22.1  15.8   9.9  11.5  12.8  12.5  19.8  28.6
  60      33.3  31.4  28.3  26.1  20.8  13.8  10.5   8.6  10.6  12.0  16.4  21.2
  50      28.0  23.9  25.4  27.2  15.4  10.2   8.9   9.7   7.0   9.7  11.5  20.8
  40      25.9  22.0  17.6  12.7   6.7   5.9   9.1   9.6   7.7   8.3  11.9  20.9
  30      13.2  13.2   6.9   7.1   9.5   6.0   5.8   8.8   8.4   8.9  12.2   8.7
  20      17.1  12.7  10.1   8.0   8.3   8.4   6.3   5.1   6.3   9.2  15.8   9.8
  10       7.2   6.8   9.0   7.3   4.4   5.1   6.9   3.9   7.3   7.4   8.8   7.3
