STATION CODE 265   Pretoria   LOCF=0.8   HICF=1.2  (07/90 - 10/93)
PRESSURE  JAN   FEB   MAR   APR   MAY   JUN   JUL   AUG   SEP   OCT   NOV   DEC  
 
               OZONE MONTHLY MEAN OVER ALL SOUNDINGS IN MICRO-MB
1000        NA    NA    NA    NA    NA    NA    NA    NA    NA    NA    NA    NA
 900        NA    NA    NA    NA    NA    NA    NA    NA    NA    NA    NA    NA
 800      25.4  19.4  16.0  24.4  25.9  24.5  25.8  34.1  36.2  30.7  33.2  31.4
 700      30.0  30.3  30.0  28.2  26.8  26.2  29.4  38.8  41.9  40.6  37.3  34.8
 600      27.0  29.3  26.6  23.6  24.4  23.0  27.5  35.9  37.7  37.8  34.3  31.6
 500      26.5  25.6  27.9  24.6  21.3  21.2  24.2  33.1  33.3  34.1  32.8  27.7
 400      23.3  24.4  25.5  20.7  18.3  19.0  21.6  29.2  30.2  30.8  27.2  24.4
 300      19.0  21.7  20.2  19.1  15.4  16.2  19.6  22.0  23.2  26.3  23.2  20.4
 250      17.9  18.2  20.3  20.0  17.1  16.9  18.5  21.0  21.4  23.5  21.3  19.2
 200      16.6  15.2  16.4  17.7  15.7  16.1  19.8  17.6  18.8  20.5  18.2  17.7
 150      13.6  13.1  15.4  14.1  15.6  15.5  19.5  17.3  16.9  16.8  17.7  15.4
 125      15.3  13.5  17.2  15.8  17.7  16.6  21.3  17.3  20.9  19.6  16.9  15.8
 100      15.4  14.5  19.5  17.1  18.5  17.8  23.3  20.7  26.3  24.7  16.2  16.9
  90      23.3  19.5  24.2  22.7  24.2  23.9  31.0  23.7  35.1  31.4  23.6  22.5
  80      29.5  25.5  29.2  28.8  31.2  31.5  39.9  33.9  45.9  43.3  36.3  31.1
  70      39.6  33.7  36.5  32.1  44.1  37.4  55.1  48.1  56.8  59.6  48.7  42.8
  60      56.4  52.1  55.7  50.9  64.7  54.9  72.7  71.0  69.2  87.6  72.5  63.3
  50      82.8  78.3  79.3  83.5  83.5  88.9 103.2 113.6 102.6 110.8  93.5  89.4
  40     110.8 101.0  99.2 106.5 108.2 111.2 139.4 152.6 139.5 129.4 121.3 108.7
  30     133.0 129.0 130.6 130.2 136.3 136.0 154.3 154.6 146.0 140.5 136.5 129.0
  20     143.9 142.4 152.7 149.9 141.7 132.5 135.4 134.6 134.3 136.2 138.8 140.3
  10      95.3  98.2  96.1  90.1  85.6  73.5  83.5  80.1  84.0  88.8  94.4  91.8
               NUMBER OF SOUNDINGS
1000        NA    NA    NA    NA    NA    NA    NA    NA    NA    NA    NA    NA
 900        NA    NA    NA    NA    NA    NA    NA    NA    NA    NA    NA    NA
 800        10    11     7     7    10    12     7     6    15    23    11    12
 700        10    11     7     7    12    12     7     6    15    23    11    12
 600        10    11     7     7    12    12     7     6    15    23    11    12
 500        10    11     7     7    12    12     7     6    15    23    11    12
 400        10    11     7     7    12    12     7     6    15    23    11    12
 300        10    11     7     7    12    12     7     6    15    23    11    12
 250        10    11     7     7    12    12     7     6    15    23    11    12
 200        10    11     7     7    12    12     7     6    15    23    11    12
 150        10    11     7     7    12    12     7     6    15    23    11    12
 125         9    11     7     7    12    12     7     6    15    23    11    12
 100         9    11     7     7    12    12     7     6    15    23    11    12
  90         9    11     7     7    12    12     7     6    15    23    11    12
  80         9    10     7     7    12    12     7     6    14    22    11    12
  70         9    10     7     7    12    12     7     6    14    22    10    12
  60         9    10     7     7    12    12     7     6    14    22    10    12
  50         9    10     7     7    12    12     7     6    14    22    10    12
  40         9    10     7     7    12    12     7     6    13    22     9    12
  30         9    10     7     7    12    11     6     6    13    22     9    12
  20         9    10     7     7    12    11     6     6    13    22     9    12
  10         8     9     7     6    10    11     6     6    13    19     9    11
               STANDARD DEVIATION FOR EACH MONTH OVER ALL SOUNDINGS
1000        NA    NA    NA    NA    NA    NA    NA    NA    NA    NA    NA    NA
 900        NA    NA    NA    NA    NA    NA    NA    NA    NA    NA    NA    NA
 800      10.3   7.5   6.9   7.7   6.4   5.6  10.9   9.0  10.0  11.3  13.4   5.4
 700       5.3   7.8   6.9   5.6   3.8   3.3   4.5   9.0   8.1   6.6   8.0   6.1
 600       3.7   5.1   5.6   6.9   4.8   2.7   4.5   6.0   9.0   6.1   7.1   5.0
 500       5.2   6.4   5.8  10.1   3.4   3.5   3.8   3.7   9.2   6.2   5.2   5.4
 400       4.5   3.3   2.1   8.5   3.9   2.8   4.4   6.4   5.2   7.0   4.7   4.5
 300       3.3   3.1   3.0   7.9   4.2   4.0   6.1   3.1   4.7   5.7   4.9   3.9
 250       2.4   2.7   3.5   8.2   6.5   6.6   4.9   2.9   4.7   3.2   2.6   3.4
 200       3.3   2.7   2.9   7.7   4.5   4.2   6.8   4.5   5.9   4.3   3.7   4.1
 150       1.9   1.8   2.8   4.4   4.1   3.8   8.0   3.3   5.3   2.8   2.6   2.6
 125       2.3   2.1   3.5   2.8   4.9   4.9  11.0   2.5   6.9   4.6   2.1   2.6
 100       4.9   3.2   7.5   3.6   4.2   7.2  15.5   4.0   8.8   8.7   3.0   2.9
  90       4.3   2.2   8.0   5.9   6.0  10.2  17.6   6.4   7.4   8.1   4.4   3.1
  80       5.5   1.9   7.9   8.3   9.1  15.2  19.1   9.4  12.7  11.2   8.1   5.6
  70       7.5   3.6   7.7   4.8  14.1  12.1  30.9  17.0  17.2  14.5  10.0   7.9
  60       6.3   8.3   1.8  11.7  15.1  14.6  21.3   9.4   9.3  22.0  10.3   6.2
  50       7.8  12.1   4.8  12.6  14.2  18.8  15.4  14.9  17.6  14.7   8.8   7.0
  40      10.0   7.0   4.2   3.2   9.9  23.1  23.1  19.4  12.9  15.3  13.5   8.9
  30       7.9   6.9   4.2   7.6  13.0  25.5  13.1   7.1  12.0  10.9  12.3   8.0
  20      10.2   9.4   8.7   6.4  11.7  18.2   8.7   8.0  10.6  10.7   8.5   7.0
  10       5.8   8.7   6.9   7.3  10.3  11.3   7.5   4.6   8.3   8.0   5.5   7.0
