STATION CODE 262   Sodankyla   LOCF=0.8   HICF=1.2  (01/89 - 12/92)
PRESSURE  JAN   FEB   MAR   APR   MAY   JUN   JUL   AUG   SEP   OCT   NOV   DEC  
 
               OZONE MONTHLY MEAN OVER ALL SOUNDINGS IN MICRO-MB
1000        NA    NA    NA    NA    NA    NA    NA    NA    NA    NA    NA    NA
 900      30.5  32.2  34.9  40.2  36.6  37.4  31.4  33.1  30.8  30.4  29.2  30.7
 800      30.8  31.9  37.1  42.0  37.0  40.4  35.7  38.8  34.5  32.5  30.1  29.4
 700      30.2  31.1  35.0  42.7  36.7  40.0  35.7  37.5  34.6  32.6  29.2  28.4
 600      27.6  29.1  31.9  38.4  36.9  38.2  37.9  35.8  32.0  31.4  27.6  27.3
 500      25.5  26.1  28.1  31.8  32.1  37.8  33.2  32.2  32.4  27.9  24.8  23.4
 400      21.9  24.1  25.7  28.9  31.0  30.6  29.7  29.9  28.1  24.3  21.6  20.9
 300      23.2  29.6  30.2  40.7  57.2  36.4  46.0  24.6  24.1  28.5  26.5  22.0
 250      28.7  46.6  51.4  76.8  91.5  62.1  60.8  38.1  35.5  43.0  35.2  33.5
 200      46.8  76.8  88.0 107.9 103.0  79.3  79.2  64.0  46.3  45.7  47.3  48.9
 150      73.3 100.7 102.9 105.6  99.1  77.1  74.9  63.9  60.8  58.4  66.3  77.9
 125      91.2 115.0 116.5 103.8 105.7  86.2  77.9  72.7  68.8  67.4  85.0  86.7
 100     110.3 134.7 133.3 117.1 117.4  99.1  92.8  92.8  86.4  85.5 104.2 103.6
  90     122.1 138.5 143.1 131.2 128.0 107.0  98.8 101.5  91.2  97.7 113.1 113.1
  80     129.1 145.9 154.6 146.6 135.8 111.1 112.0 112.6 106.3 104.7 118.5 123.1
  70     134.7 147.5 157.6 151.4 150.0 122.0 119.8 119.9 114.8 114.5 123.3 127.0
  60     140.8 147.0 160.2 157.8 156.2 131.8 130.3 129.1 120.7 120.0 125.4 126.5
  50     145.7 152.0 167.9 160.8 155.6 133.8 136.3 127.6 122.3 122.0 125.2 122.5
  40     136.7 145.1 158.5 159.0 144.1 131.4 123.4 112.9 114.7 118.7 121.1 120.7
  30     115.2 127.1 135.5 138.1 124.9 105.3 106.1  94.8 103.9 101.8 109.3 114.1
  20      83.0  95.4 100.1 105.7  93.9  91.2  88.3  84.6  88.1  78.8  79.4  89.1
  10      52.2  53.5  52.9  54.9  61.5  58.5  56.3  60.7  52.8  41.4  42.3  43.6
               NUMBER OF SOUNDINGS
1000        NA    NA    NA    NA    NA    NA    NA    NA    NA    NA    NA    NA
 900        36    30    24    16    17    15    16    18    16    18    17    23
 800        36    30    24    16    17    15    16    18    16    18    17    23
 700        36    30    24    16    17    15    16    18    16    18    17    23
 600        36    30    24    16    17    15    16    18    16    18    17    23
 500        36    30    24    16    17    15    16    18    16    18    17    23
 400        35    30    24    16    17    15    16    18    16    18    17    23
 300        35    30    24    16    17    15    16    18    16    18    17    23
 250        35    30    24    16    17    15    16    18    16    18    17    23
 200        34    30    24    16    17    15    16    18    16    18    17    23
 150        34    30    24    16    17    15    15    18    16    18    17    23
 125        32    29    24    16    17    15    15    18    16    18    17    22
 100        33    29    24    16    17    15    15    18    16    18    17    22
  90        32    28    23    16    17    15    15    18    16    18    17    22
  80        31    28    22    16    17    15    15    18    16    18    17    21
  70        31    28    22    16    16    15    15    18    16    18    17    20
  60        30    28    22    16    16    15    15    17    16    18    17    20
  50        30    27    22    16    16    14    15    17    16    18    17    20
  40        29    26    22    16    14    14    15    16    16    18    17    20
  30        26    26    21    16    14    13    15    16    16    18    17    18
  20        24    26    20    15    14    13    14    16    16    18    16    14
  10        13    21    16    14     8     8     8     8    13    14    10     8
               STANDARD DEVIATION FOR EACH MONTH OVER ALL SOUNDINGS
1000        NA    NA    NA    NA    NA    NA    NA    NA    NA    NA    NA    NA
 900       9.9   5.5   4.4  11.3  10.2  10.3   6.7   5.6   6.2   4.0   7.7   5.5
 800       8.6   4.9   5.7   8.8   8.0   6.5   6.3   7.3   4.5   4.0   7.2   4.2
 700       7.0   4.7   4.2   7.7   5.9   5.5   7.4   7.8   3.7   4.8   5.5   5.3
 600       5.2   3.5   2.6   6.9   6.8   5.8   7.6   5.5   3.2   5.6   4.9   4.9
 500       4.9   3.4   4.6   4.8   5.2   5.9   7.6   5.1   4.8   5.7   5.7   5.0
 400       3.8   5.5   4.9   6.1   7.9   6.9   9.3   6.1   5.7   6.4   3.0   5.1
 300      13.9  19.7  17.0  28.7  32.3  25.9  30.8   6.0   3.7  12.7  15.3  11.4
 250      18.2  35.8  33.0  36.1  38.3  42.9  40.4  24.1  20.0  20.1  13.6  20.6
 200      30.2  38.0  41.7  33.2  30.0  33.6  23.7  19.5  20.3  18.8  13.7  25.8
 150      36.3  45.9  41.9  45.3  23.5  16.3  17.6  15.6  21.1  21.5  22.3  33.7
 125      38.5  54.0  46.2  41.4  33.2  21.6  12.6  13.3  22.3  18.8  39.0  36.6
 100      46.4  49.5  50.8  43.4  30.7  26.7  12.4  13.8  22.6  29.4  34.5  39.3
  90      46.6  46.8  42.0  43.1  25.7  24.5  15.9  14.1  19.7  23.8  33.0  37.4
  80      45.9  44.1  40.3  43.8  25.2  22.2  10.8  11.8  16.1  19.2  33.9  37.8
  70      35.6  36.2  32.0  35.6  14.4  14.1  11.1  11.1  14.4  18.2  25.2  30.0
  60      35.1  45.5  23.3  26.6  13.0  11.6   7.0   9.3  11.4  16.7  28.0  26.9
  50      27.1  40.0  16.1  21.2  10.7   9.8   9.5  11.2   7.9  13.3  16.5  23.0
  40      22.3  29.2  16.8  12.5  10.7  15.7  13.7  19.4  12.9  12.8  16.9  17.4
  30      18.9  24.9  16.2  13.3  13.2  11.6  15.2  12.7  18.5  18.0  14.3  16.0
  20      15.0  20.0  16.3  10.4   9.7   8.5  11.3  14.6  14.2  16.7  13.7  20.1
  10      10.2  13.6   6.6  16.2   5.9   4.1   3.0   3.6   8.6   8.8   8.8   8.8
